0.8 0.04 0.576
0.700771 0.0895379 0.441972
0.595803 0.163375 0.319483
0.515453 0.234786 0.239122
0.456351 0.295555 0.18743
0.411986 0.34576 0.152759
0.377665 0.387301 0.128368
0.350352 0.422043 0.110472
0.328088 0.451466 0.0968776
0.309578 0.476682 0.0862547
0.293938 0.498523 0.0777597
0.28055 0.517609 0.0708374
0.268969 0.534407 0.0651097
0.258869 0.549275 0.060312
0.25001 0.562485 0.0562545
0.242208 0.574248 0.0527983
0.235326 0.584726 0.0498405
0.229259 0.594042 0.0473036
0.223926 0.60229 0.0451288
0.219269 0.609541 0.043271
0.215239 0.61585 0.041695
0.211798 0.621262 0.0403725
0.208912 0.625821 0.0392797
0.206545 0.629571 0.0383946
0.204656 0.632572 0.0376957
0.203198 0.634893 0.0371606
0.202114 0.636621 0.0367652
0.201342 0.637855 0.0364847
0.200816 0.638695 0.0362943
0.200474 0.639241 0.036171
0.200264 0.639578 0.036095
0.20014 0.639776 0.0360504
0.200071 0.639886 0.0360256
0.200034 0.639945 0.0360124
0.200016 0.639974 0.0360058
0.200007 0.639989 0.0360026
0.200003 0.639995 0.0360011
0.200001 0.639998 0.0360004
0.2 0.639999 0.0360002
0.2 0.64 0.0360001
0.2 0.64 0.036
0.2 0.64 0.036
0.2 0.64 0.036
0.2 0.64 0.036
0.2 0.64 0.036
0.2 0.64 0.036
0.2 0.64 0.036
0.2 0.64 0.036
0.2 0.64 0.036
0.2 0.64 0.036
0.2 0.64 0.036
0.2 0.64 0.036
0.2 0.64 0.036
0.2 0.64 0.036
0.2 0.64 0.036
0.2 0.64 0.036
0.2 0.64 0.036
0.2 0.64 0.036
0.2 0.64 0.036
0.2 0.64 0.036
0.2 0.64 0.036
0.2 0.64 0.036
0.2 0.64 0.036
0.2 0.64 0.036
0.2 0.64 0.036
0.2 0.64 0.036
0.2 0.64 0.036
0.2 0.64 0.036
0.2 0.64 0.036
0.2 0.64 0.036
0.2 0.64 0.036
0.2 0.64 0.036
0.2 0.64 0.036
0.2 0.64 0.036
0.2 0.64 0.036
0.2 0.64 0.036
0.2 0.64 0.036
0.2 0.64 0.036
0.2 0.64 0.036
0.2 0.64 0.036
0.2 0.64 0.036
0.2 0.64 0.036
0.2 0.64 0.036
0.2 0.64 0.036
0.2 0.64 0.036
0.2 0.64 0.036
0.2 0.64 0.036
0.2 0.64 0.036
0.2 0.64 0.036
0.2 0.64 0.036
0.2 0.64 0.036
0.2 0.64 0.036
0.2 0.64 0.036
0.2 0.64 0.036
0.2 0.64 0.036
0.2 0.64 0.036
0.2 0.64 0.036
0.2 0.64 0.036
0.2 0.64 0.036
0.2 0.64 0.036
