0.8 0.795121 0.00357771 0.507907
0.796825 0.753525 0.00378047 0.502756
0.789098 0.816097 0.0043081 0.49035
0.778642 0.736783 0.00510307 0.473865
0.767405 0.768682 0.00606879 0.456529
0.756383 0.784552 0.00713631 0.439907
0.745943 0.747196 0.00826533 0.424507
0.736163 0.716778 0.00943357 0.410384
0.727014 0.743827 0.0106289 0.397435
0.718434 0.725643 0.0118449 0.38552
0.71035 0.785813 0.0130785 0.374496
0.702696 0.715756 0.0143285 0.364238
0.695413 0.730913 0.0155952 0.354637
0.688447 0.715414 0.0168796 0.345601
0.681751 0.677393 0.0181838 0.337049
0.675283 0.663911 0.0195104 0.328911
0.669005 0.646019 0.0208629 0.321128
0.662879 0.706245 0.0222459 0.313643
0.656869 0.626133 0.0236651 0.306404
0.650938 0.563961 0.025128 0.299361
0.645045 0.620122 0.0266445 0.292462
0.639141 0.622473 0.0282281 0.285648
0.633166 0.569365 0.0298982 0.278851
0.627037 0.628616 0.0316832 0.271984
0.620637 0.592875 0.0336273 0.264923
0.613778 0.613374 0.0358038 0.257482
0.606141 0.600544 0.0383436 0.249347
0.597119 0.576833 0.0415069 0.239942
0.58539 0.583232 0.0458921 0.228044
0.567455 0.591806 0.0532243 0.210558
0.530577 0.540576 0.0708721 0.177236
0.41311 0.397633 0.154863 0.0933067
0.234491 0.250932 0.392489 0.0218459
0.201244 0.209353 0.455459 0.0147614
0.200035 0.196682 0.457876 0.0145351
0.200001 0.206727 0.457945 0.0145288
0.2 0.212115 0.457947 0.0145286
0.2 0.200465 0.457947 0.0145286
0.2 0.197149 0.457947 0.0145286
0.2 0.211509 0.457947 0.0145286
0.2 0.186857 0.457947 0.0145286
0.2 0.198689 0.457947 0.0145286
0.2 0.19529 0.457947 0.0145286
0.2 0.200723 0.457947 0.0145286
0.2 0.216733 0.457947 0.0145286
0.2 0.199898 0.457947 0.0145286
0.2 0.195944 0.457947 0.0145286
0.2 0.196847 0.457947 0.0145286
0.2 0.19393 0.457947 0.0145286
0.2 0.184037 0.457947 0.0145286
0.2 0.190119 0.457947 0.0145286
0.2 0.207971 0.457947 0.0145286
0.2 0.211047 0.457947 0.0145286
0.2 0.186744 0.457947 0.0145286
0.2 0.190283 0.457947 0.0145286
0.2 0.215696 0.457947 0.0145286
0.2 0.201587 0.457947 0.0145286
0.2 0.198381 0.457947 0.0145286
0.2 0.214182 0.457947 0.0145286
0.2 0.180064 0.457947 0.0145286
0.2 0.20568 0.457947 0.0145286
0.2 0.199859 0.457947 0.0145286
0.2 0.205156 0.457947 0.0145286
0.2 0.188025 0.457947 0.0145286
0.2 0.211167 0.457947 0.0145286
0.2 0.205573 0.457947 0.0145286
0.2 0.185643 0.457947 0.0145286
0.2 0.19886 0.457947 0.0145286
0.2 0.20941 0.457947 0.0145286
0.2 0.197812 0.457947 0.0145286
0.2 0.195821 0.457947 0.0145286
0.2 0.189517 0.457947 0.0145286
0.2 0.198652 0.457947 0.0145286
0.2 0.188991 0.457947 0.0145286
0.2 0.207461 0.457947 0.0145286
0.2 0.199176 0.457947 0.0145286
0.2 0.200958 0.457947 0.0145286
0.2 0.199333 0.457947 0.0145286
0.2 0.200188 0.457947 0.0145286
0.2 0.211417 0.457947 0.0145286
0.2 0.198422 0.457947 0.0145286
0.2 0.213277 0.457947 0.0145286
0.2 0.211022 0.457947 0.0145286
0.2 0.204506 0.457947 0.0145286
0.2 0.201326 0.457947 0.0145286
0.2 0.20059 0.457947 0.0145286
0.2 0.201269 0.457947 0.0145286
0.2 0.181476 0.457947 0.0145286
0.2 0.209906 0.457947 0.0145286
0.2 0.197738 0.457947 0.0145286
0.2 0.209301 0.457947 0.0145286
0.2 0.209909 0.457947 0.0145286
0.2 0.192581 0.457947 0.0145286
0.2 0.200426 0.457947 0.0145286
0.2 0.220048 0.457947 0.0145286
0.2 0.198782 0.457947 0.0145286
0.2 0.207758 0.457947 0.0145286
0.2 0.171434 0.457947 0.0145286
0.2 0.213453 0.457947 0.0145286
0.2 0.197356 0.457947 0.0145286
