0.8 0.008 0.507907
0.799797 0.00802437 0.507577
0.798751 0.00815087 0.505876
0.796098 0.00847746 0.50158
0.79156 0.00905612 0.494283
0.785448 0.00987636 0.484557
0.778315 0.0108946 0.473354
0.770655 0.0120634 0.461502
0.762808 0.0133445 0.44955
0.754974 0.0147107 0.437809
0.74726 0.0161443 0.426432
0.739713 0.0176342 0.415477
0.732346 0.0191743 0.404951
0.725154 0.020762 0.394833
0.718117 0.0223979 0.385084
0.711211 0.0240848 0.375661
0.704403 0.0258286 0.36651
0.697656 0.0276379 0.357577
0.690924 0.0295255 0.348797
0.684148 0.0315103 0.340095
0.677251 0.0336199 0.331374
0.670122 0.035897 0.322505
0.662596 0.0384106 0.3133
0.654395 0.0412801 0.303454
0.645021 0.0447309 0.292434
0.633462 0.0492445 0.279186
0.61729 0.0560545 0.261275
0.58905 0.069401 0.231718
0.515426 0.113784 0.164549
0.314869 0.321604 0.0465101
0.207142 0.49841 0.0158961
0.200208 0.5116 0.0145674
0.200006 0.511989 0.0145297
0.2 0.512 0.0145286
0.2 0.512 0.0145286
0.2 0.512 0.0145286
0.2 0.512 0.0145286
0.2 0.512 0.0145286
0.2 0.512 0.0145286
0.2 0.512 0.0145286
0.2 0.512 0.0145286
0.2 0.512 0.0145286
0.2 0.512 0.0145286
0.2 0.512 0.0145286
0.2 0.512 0.0145286
0.2 0.512 0.0145286
0.2 0.512 0.0145286
0.2 0.512 0.0145286
0.2 0.512 0.0145286
0.2 0.512 0.0145286
0.2 0.512 0.0145286
0.2 0.512 0.0145286
0.2 0.512 0.0145286
0.2 0.512 0.0145286
0.2 0.512 0.0145286
0.2 0.512 0.0145286
0.2 0.512 0.0145286
0.2 0.512 0.0145286
0.2 0.512 0.0145286
0.2 0.512 0.0145286
0.2 0.512 0.0145286
0.2 0.512 0.0145286
0.2 0.512 0.0145286
0.2 0.512 0.0145286
0.2 0.512 0.0145286
0.2 0.512 0.0145286
0.2 0.512 0.0145286
0.2 0.512 0.0145286
0.2 0.512 0.0145286
0.2 0.512 0.0145286
0.2 0.512 0.0145286
0.2 0.512 0.0145286
0.2 0.512 0.0145286
0.2 0.512 0.0145286
0.2 0.512 0.0145286
0.2 0.512 0.0145286
0.2 0.512 0.0145286
0.2 0.512 0.0145286
0.2 0.512 0.0145286
0.2 0.512 0.0145286
0.2 0.512 0.0145286
0.2 0.512 0.0145286
0.2 0.512 0.0145286
0.2 0.512 0.0145286
0.2 0.512 0.0145286
0.2 0.512 0.0145286
0.2 0.512 0.0145286
0.2 0.512 0.0145286
0.2 0.512 0.0145286
0.2 0.512 0.0145286
0.2 0.512 0.0145286
0.2 0.512 0.0145286
0.2 0.512 0.0145286
0.2 0.512 0.0145286
0.2 0.512 0.0145286
0.2 0.512 0.0145286
0.2 0.512 0.0145286
0.2 0.512 0.0145286
0.2 0.512 0.0145286
0.2 0.512 0.0145286
