0.8 0.0016 0.420513
0.790964 0.00190934 0.404536
0.777392 0.00245564 0.381351
0.763826 0.00311119 0.359132
0.75154 0.0038109 0.339812
0.740612 0.00452691 0.323256
0.730853 0.00524754 0.308961
0.722056 0.00596801 0.296462
0.714042 0.00668667 0.285391
0.70667 0.00740332 0.275468
0.699829 0.00811853 0.26648
0.693429 0.00883331 0.258262
0.6874 0.0095489 0.250685
0.681684 0.0102668 0.243647
0.67623 0.0109887 0.237063
0.670997 0.0117166 0.230866
0.665947 0.0124527 0.224994
0.661045 0.0131998 0.219397
0.656259 0.0139613 0.214027
0.651554 0.0147415 0.20884
0.646895 0.015546 0.203791
0.642239 0.0163823 0.198832
0.637534 0.017261 0.19391
0.632714 0.0181978 0.188956
0.62768 0.0192161 0.183878
0.622285 0.0203542 0.178545
0.616287 0.0216784 0.172744
0.609248 0.0233134 0.166108
0.600292 0.0255254 0.157928
0.587369 0.0289899 0.146632
0.564478 0.0359782 0.128044
0.506943 0.0591001 0.0887469
0.33311 0.197796 0.0211966
0.207843 0.393773 0.00424344
0.200135 0.409324 0.00373036
0.200002 0.409596 0.00372195
0.2 0.4096 0.00372182
0.2 0.4096 0.00372182
0.2 0.4096 0.00372182
0.2 0.4096 0.00372182
0.2 0.4096 0.00372182
0.2 0.4096 0.00372182
0.2 0.4096 0.00372182
0.2 0.4096 0.00372182
0.2 0.4096 0.00372182
0.2 0.4096 0.00372182
0.2 0.4096 0.00372182
0.2 0.4096 0.00372182
0.2 0.4096 0.00372182
0.2 0.4096 0.00372182
0.2 0.4096 0.00372182
0.2 0.4096 0.00372182
0.2 0.4096 0.00372182
0.2 0.4096 0.00372182
0.2 0.4096 0.00372182
0.2 0.4096 0.00372182
0.2 0.4096 0.00372182
0.2 0.4096 0.00372182
0.2 0.4096 0.00372182
0.2 0.4096 0.00372182
0.2 0.4096 0.00372182
0.2 0.4096 0.00372182
0.2 0.4096 0.00372182
0.2 0.4096 0.00372182
0.2 0.4096 0.00372182
0.2 0.4096 0.00372182
0.2 0.4096 0.00372182
0.2 0.4096 0.00372182
0.2 0.4096 0.00372182
0.2 0.4096 0.00372182
0.2 0.4096 0.00372182
0.2 0.4096 0.00372182
0.2 0.4096 0.00372182
0.2 0.4096 0.00372182
0.2 0.4096 0.00372182
0.2 0.4096 0.00372182
0.2 0.4096 0.00372182
0.2 0.4096 0.00372182
0.2 0.4096 0.00372182
0.2 0.4096 0.00372182
0.2 0.4096 0.00372182
0.2 0.4096 0.00372182
0.2 0.4096 0.00372182
0.2 0.4096 0.00372182
0.2 0.4096 0.00372182
0.2 0.4096 0.00372182
0.2 0.4096 0.00372182
0.2 0.4096 0.00372182
0.2 0.4096 0.00372182
0.2 0.4096 0.00372182
0.2 0.4096 0.00372182
0.2 0.4096 0.00372182
0.2 0.4096 0.00372182
0.2 0.4096 0.00372182
0.2 0.4096 0.00372182
0.2 0.4096 0.00372182
0.2 0.4096 0.00372182
0.2 0.4096 0.00372182
0.2 0.4096 0.00372182
0.2 0.4096 0.00372182
