file written by Artem Medvedev
PARAMS:
t0: 0
sw0: 0.8
swn: 0.2
porosity: 0.2
mu_w: 0.001004
mu_o: 0.0007
h: 0.010101
N: 100
t 0.001 0.002 0.004 0.006 0.008 0.01
0 0.8 0.2 0.008 0.51519 0.64
0.010101 0.704851 0.295149 0.0257112 0.375393 0.496816
0.020202 0.625811 0.374189 0.0523932 0.278837 0.391639
0.030303 0.522837 0.477163 0.108643 0.177893 0.273358
0.040404 0.346739 0.653261 0.278779 0.0637161 0.120228
0.0505051 0.219419 0.780581 0.475612 0.0202969 0.0481449
0.0606061 0.201078 0.798922 0.509933 0.0163175 0.0404324
0.0707071 0.200051 0.799949 0.511902 0.0161099 0.0400204
0.0808081 0.200002 0.799998 0.511996 0.0161001 0.0400009
0.0909091 0.2 0.8 0.512 0.0160997 0.04
0.10101 0.2 0.8 0.512 0.0160997 0.04
0.111111 0.2 0.8 0.512 0.0160997 0.04
0.121212 0.2 0.8 0.512 0.0160997 0.04
0.131313 0.2 0.8 0.512 0.0160997 0.04
0.141414 0.2 0.8 0.512 0.0160997 0.04
0.151515 0.2 0.8 0.512 0.0160997 0.04
0.161616 0.2 0.8 0.512 0.0160997 0.04
0.171717 0.2 0.8 0.512 0.0160997 0.04
0.181818 0.2 0.8 0.512 0.0160997 0.04
0.191919 0.2 0.8 0.512 0.0160997 0.04
0.20202 0.2 0.8 0.512 0.0160997 0.04
0.212121 0.2 0.8 0.512 0.0160997 0.04
0.222222 0.2 0.8 0.512 0.0160997 0.04
0.232323 0.2 0.8 0.512 0.0160997 0.04
0.242424 0.2 0.8 0.512 0.0160997 0.04
0.252525 0.2 0.8 0.512 0.0160997 0.04
0.262626 0.2 0.8 0.512 0.0160997 0.04
0.272727 0.2 0.8 0.512 0.0160997 0.04
0.282828 0.2 0.8 0.512 0.0160997 0.04
0.292929 0.2 0.8 0.512 0.0160997 0.04
0.30303 0.2 0.8 0.512 0.0160997 0.04
0.313131 0.2 0.8 0.512 0.0160997 0.04
0.323232 0.2 0.8 0.512 0.0160997 0.04
0.333333 0.2 0.8 0.512 0.0160997 0.04
0.343434 0.2 0.8 0.512 0.0160997 0.04
0.353535 0.2 0.8 0.512 0.0160997 0.04
0.363636 0.2 0.8 0.512 0.0160997 0.04
0.373737 0.2 0.8 0.512 0.0160997 0.04
0.383838 0.2 0.8 0.512 0.0160997 0.04
0.393939 0.2 0.8 0.512 0.0160997 0.04
0.40404 0.2 0.8 0.512 0.0160997 0.04
0.414141 0.2 0.8 0.512 0.0160997 0.04
0.424242 0.2 0.8 0.512 0.0160997 0.04
0.434343 0.2 0.8 0.512 0.0160997 0.04
0.444444 0.2 0.8 0.512 0.0160997 0.04
0.454545 0.2 0.8 0.512 0.0160997 0.04
0.464646 0.2 0.8 0.512 0.0160997 0.04
0.474747 0.2 0.8 0.512 0.0160997 0.04
0.484848 0.2 0.8 0.512 0.0160997 0.04
0.494949 0.2 0.8 0.512 0.0160997 0.04
0.505051 0.2 0.8 0.512 0.0160997 0.04
0.515152 0.2 0.8 0.512 0.0160997 0.04
0.525253 0.2 0.8 0.512 0.0160997 0.04
0.535354 0.2 0.8 0.512 0.0160997 0.04
0.545455 0.2 0.8 0.512 0.0160997 0.04
0.555556 0.2 0.8 0.512 0.0160997 0.04
0.565657 0.2 0.8 0.512 0.0160997 0.04
0.575758 0.2 0.8 0.512 0.0160997 0.04
0.585859 0.2 0.8 0.512 0.0160997 0.04
0.59596 0.2 0.8 0.512 0.0160997 0.04
0.606061 0.2 0.8 0.512 0.0160997 0.04
0.616162 0.2 0.8 0.512 0.0160997 0.04
0.626263 0.2 0.8 0.512 0.0160997 0.04
0.636364 0.2 0.8 0.512 0.0160997 0.04
0.646465 0.2 0.8 0.512 0.0160997 0.04
0.656566 0.2 0.8 0.512 0.0160997 0.04
0.666667 0.2 0.8 0.512 0.0160997 0.04
0.676768 0.2 0.8 0.512 0.0160997 0.04
0.686869 0.2 0.8 0.512 0.0160997 0.04
0.69697 0.2 0.8 0.512 0.0160997 0.04
0.707071 0.2 0.8 0.512 0.0160997 0.04
0.717172 0.2 0.8 0.512 0.0160997 0.04
0.727273 0.2 0.8 0.512 0.0160997 0.04
0.737374 0.2 0.8 0.512 0.0160997 0.04
0.747475 0.2 0.8 0.512 0.0160997 0.04
0.757576 0.2 0.8 0.512 0.0160997 0.04
0.767677 0.2 0.8 0.512 0.0160997 0.04
0.777778 0.2 0.8 0.512 0.0160997 0.04
0.787879 0.2 0.8 0.512 0.0160997 0.04
0.79798 0.2 0.8 0.512 0.0160997 0.04
0.808081 0.2 0.8 0.512 0.0160997 0.04
0.818182 0.2 0.8 0.512 0.0160997 0.04
0.828283 0.2 0.8 0.512 0.0160997 0.04
0.838384 0.2 0.8 0.512 0.0160997 0.04
0.848485 0.2 0.8 0.512 0.0160997 0.04
0.858586 0.2 0.8 0.512 0.0160997 0.04
0.868687 0.2 0.8 0.512 0.0160997 0.04
0.878788 0.2 0.8 0.512 0.0160997 0.04
0.888889 0.2 0.8 0.512 0.0160997 0.04
0.89899 0.2 0.8 0.512 0.0160997 0.04
0.909091 0.2 0.8 0.512 0.0160997 0.04
0.919192 0.2 0.8 0.512 0.0160997 0.04
0.929293 0.2 0.8 0.512 0.0160997 0.04
0.939394 0.2 0.8 0.512 0.0160997 0.04
0.949495 0.2 0.8 0.512 0.0160997 0.04
0.959596 0.2 0.8 0.512 0.0160997 0.04
0.969697 0.2 0.8 0.512 0.0160997 0.04
0.979798 0.2 0.8 0.512 0.0160997 0.04
0.989899 0.2 0.8 0.512 0.0160997 0.04
1 0.2 0.8 0.512 0.0160997 0.04
0 0.8 0.2 0.008 0.51519 0.64
0.010101 0.780016 0.219984 0.0106457 0.483617 0.608425
0.020202 0.752825 0.247175 0.0151012 0.442566 0.566746
0.030303 0.725872 0.274128 0.0205996 0.404011 0.526891
0.040404 0.70009 0.29991 0.0269757 0.369086 0.490126
0.0505051 0.674546 0.325454 0.0344721 0.336335 0.455013
0.0606061 0.647364 0.352636 0.043851 0.303469 0.41908
0.0707071 0.614801 0.385199 0.057155 0.266735 0.377981
0.0808081 0.56728 0.43272 0.0810252 0.218141 0.321807
0.0909091 0.475759 0.524241 0.144076 0.140511 0.226347
0.10101 0.310765 0.689235 0.327418 0.0484531 0.0965747
0.111111 0.213543 0.786457 0.486435 0.0189651 0.0456006
0.121212 0.20087 0.79913 0.510331 0.0162753 0.0403487
0.131313 0.200051 0.799949 0.511902 0.01611 0.0400205
0.141414 0.200003 0.799997 0.511994 0.0161003 0.0400012
0.151515 0.2 0.8 0.512 0.0160997 0.0400001
0.161616 0.2 0.8 0.512 0.0160997 0.04
0.171717 0.2 0.8 0.512 0.0160997 0.04
0.181818 0.2 0.8 0.512 0.0160997 0.04
0.191919 0.2 0.8 0.512 0.0160997 0.04
0.20202 0.2 0.8 0.512 0.0160997 0.04
0.212121 0.2 0.8 0.512 0.0160997 0.04
0.222222 0.2 0.8 0.512 0.0160997 0.04
0.232323 0.2 0.8 0.512 0.0160997 0.04
0.242424 0.2 0.8 0.512 0.0160997 0.04
0.252525 0.2 0.8 0.512 0.0160997 0.04
0.262626 0.2 0.8 0.512 0.0160997 0.04
0.272727 0.2 0.8 0.512 0.0160997 0.04
0.282828 0.2 0.8 0.512 0.0160997 0.04
0.292929 0.2 0.8 0.512 0.0160997 0.04
0.30303 0.2 0.8 0.512 0.0160997 0.04
0.313131 0.2 0.8 0.512 0.0160997 0.04
0.323232 0.2 0.8 0.512 0.0160997 0.04
0.333333 0.2 0.8 0.512 0.0160997 0.04
0.343434 0.2 0.8 0.512 0.0160997 0.04
0.353535 0.2 0.8 0.512 0.0160997 0.04
0.363636 0.2 0.8 0.512 0.0160997 0.04
0.373737 0.2 0.8 0.512 0.0160997 0.04
0.383838 0.2 0.8 0.512 0.0160997 0.04
0.393939 0.2 0.8 0.512 0.0160997 0.04
0.40404 0.2 0.8 0.512 0.0160997 0.04
0.414141 0.2 0.8 0.512 0.0160997 0.04
0.424242 0.2 0.8 0.512 0.0160997 0.04
0.434343 0.2 0.8 0.512 0.0160997 0.04
0.444444 0.2 0.8 0.512 0.0160997 0.04
0.454545 0.2 0.8 0.512 0.0160997 0.04
0.464646 0.2 0.8 0.512 0.0160997 0.04
0.474747 0.2 0.8 0.512 0.0160997 0.04
0.484848 0.2 0.8 0.512 0.0160997 0.04
0.494949 0.2 0.8 0.512 0.0160997 0.04
0.505051 0.2 0.8 0.512 0.0160997 0.04
0.515152 0.2 0.8 0.512 0.0160997 0.04
0.525253 0.2 0.8 0.512 0.0160997 0.04
0.535354 0.2 0.8 0.512 0.0160997 0.04
0.545455 0.2 0.8 0.512 0.0160997 0.04
0.555556 0.2 0.8 0.512 0.0160997 0.04
0.565657 0.2 0.8 0.512 0.0160997 0.04
0.575758 0.2 0.8 0.512 0.0160997 0.04
0.585859 0.2 0.8 0.512 0.0160997 0.04
0.59596 0.2 0.8 0.512 0.0160997 0.04
0.606061 0.2 0.8 0.512 0.0160997 0.04
0.616162 0.2 0.8 0.512 0.0160997 0.04
0.626263 0.2 0.8 0.512 0.0160997 0.04
0.636364 0.2 0.8 0.512 0.0160997 0.04
0.646465 0.2 0.8 0.512 0.0160997 0.04
0.656566 0.2 0.8 0.512 0.0160997 0.04
0.666667 0.2 0.8 0.512 0.0160997 0.04
0.676768 0.2 0.8 0.512 0.0160997 0.04
0.686869 0.2 0.8 0.512 0.0160997 0.04
0.69697 0.2 0.8 0.512 0.0160997 0.04
0.707071 0.2 0.8 0.512 0.0160997 0.04
0.717172 0.2 0.8 0.512 0.0160997 0.04
0.727273 0.2 0.8 0.512 0.0160997 0.04
0.737374 0.2 0.8 0.512 0.0160997 0.04
0.747475 0.2 0.8 0.512 0.0160997 0.04
0.757576 0.2 0.8 0.512 0.0160997 0.04
0.767677 0.2 0.8 0.512 0.0160997 0.04
0.777778 0.2 0.8 0.512 0.0160997 0.04
0.787879 0.2 0.8 0.512 0.0160997 0.04
0.79798 0.2 0.8 0.512 0.0160997 0.04
0.808081 0.2 0.8 0.512 0.0160997 0.04
0.818182 0.2 0.8 0.512 0.0160997 0.04
0.828283 0.2 0.8 0.512 0.0160997 0.04
0.838384 0.2 0.8 0.512 0.0160997 0.04
0.848485 0.2 0.8 0.512 0.0160997 0.04
0.858586 0.2 0.8 0.512 0.0160997 0.04
0.868687 0.2 0.8 0.512 0.0160997 0.04
0.878788 0.2 0.8 0.512 0.0160997 0.04
0.888889 0.2 0.8 0.512 0.0160997 0.04
0.89899 0.2 0.8 0.512 0.0160997 0.04
0.909091 0.2 0.8 0.512 0.0160997 0.04
0.919192 0.2 0.8 0.512 0.0160997 0.04
0.929293 0.2 0.8 0.512 0.0160997 0.04
0.939394 0.2 0.8 0.512 0.0160997 0.04
0.949495 0.2 0.8 0.512 0.0160997 0.04
0.959596 0.2 0.8 0.512 0.0160997 0.04
0.969697 0.2 0.8 0.512 0.0160997 0.04
0.979798 0.2 0.8 0.512 0.0160997 0.04
0.989899 0.2 0.8 0.512 0.0160997 0.04
1 0.2 0.8 0.512 0.0160997 0.04
0 0.8 0.2 0.008 0.51519 0.64
0.010101 0.79821 0.20179 0.00821676 0.512313 0.637139
0.020202 0.792692 0.207308 0.00890938 0.503505 0.628361
0.030303 0.783719 0.216281 0.0101171 0.489376 0.614215
0.040404 0.772777 0.227223 0.0117317 0.472473 0.597184
0.0505051 0.761107 0.238893 0.0136337 0.454838 0.579283
0.0606061 0.749387 0.250613 0.0157403 0.43753 0.56158
0.0707071 0.737906 0.262094 0.0180041 0.420964 0.544505
0.0808081 0.726749 0.273251 0.0204026 0.405232 0.528164
0.0909091 0.715897 0.284103 0.0229314 0.390273 0.512508
0.10101 0.705279 0.294721 0.0255996 0.375963 0.497419
0.111111 0.694793 0.305207 0.0284305 0.362143 0.482737
0.121212 0.6843 0.3157 0.0314648 0.348625 0.468266
0.131313 0.673615 0.326385 0.0347688 0.335175 0.453757
0.141414 0.662471 0.337529 0.0384531 0.321485 0.438868
0.151515 0.650448 0.349552 0.0427107 0.307096 0.423082
0.161616 0.636809 0.363191 0.0479075 0.29125 0.405526
0.171717 0.62012 0.37988 0.0548199 0.272541 0.384549
0.181818 0.597152 0.402848 0.0653766 0.248002 0.356591
0.191919 0.559286 0.440714 0.0855992 0.210537 0.312801
0.20202 0.480264 0.519736 0.140394 0.143861 0.230653
0.212121 0.324963 0.675037 0.307598 0.0541785 0.105601
0.222222 0.217689 0.782311 0.478782 0.0198992 0.0473887
0.232323 0.201227 0.798773 0.509647 0.0163478 0.0404924
0.242424 0.200077 0.799923 0.511853 0.0161151 0.0400306
0.252525 0.200005 0.799995 0.511991 0.0161006 0.0400019
0.262626 0.2 0.8 0.511999 0.0160997 0.0400001
0.272727 0.2 0.8 0.512 0.0160997 0.04
0.282828 0.2 0.8 0.512 0.0160997 0.04
0.292929 0.2 0.8 0.512 0.0160997 0.04
0.30303 0.2 0.8 0.512 0.0160997 0.04
0.313131 0.2 0.8 0.512 0.0160997 0.04
0.323232 0.2 0.8 0.512 0.0160997 0.04
0.333333 0.2 0.8 0.512 0.0160997 0.04
0.343434 0.2 0.8 0.512 0.0160997 0.04
0.353535 0.2 0.8 0.512 0.0160997 0.04
0.363636 0.2 0.8 0.512 0.0160997 0.04
0.373737 0.2 0.8 0.512 0.0160997 0.04
0.383838 0.2 0.8 0.512 0.0160997 0.04
0.393939 0.2 0.8 0.512 0.0160997 0.04
0.40404 0.2 0.8 0.512 0.0160997 0.04
0.414141 0.2 0.8 0.512 0.0160997 0.04
0.424242 0.2 0.8 0.512 0.0160997 0.04
0.434343 0.2 0.8 0.512 0.0160997 0.04
0.444444 0.2 0.8 0.512 0.0160997 0.04
0.454545 0.2 0.8 0.512 0.0160997 0.04
0.464646 0.2 0.8 0.512 0.0160997 0.04
0.474747 0.2 0.8 0.512 0.0160997 0.04
0.484848 0.2 0.8 0.512 0.0160997 0.04
0.494949 0.2 0.8 0.512 0.0160997 0.04
0.505051 0.2 0.8 0.512 0.0160997 0.04
0.515152 0.2 0.8 0.512 0.0160997 0.04
0.525253 0.2 0.8 0.512 0.0160997 0.04
0.535354 0.2 0.8 0.512 0.0160997 0.04
0.545455 0.2 0.8 0.512 0.0160997 0.04
0.555556 0.2 0.8 0.512 0.0160997 0.04
0.565657 0.2 0.8 0.512 0.0160997 0.04
0.575758 0.2 0.8 0.512 0.0160997 0.04
0.585859 0.2 0.8 0.512 0.0160997 0.04
0.59596 0.2 0.8 0.512 0.0160997 0.04
0.606061 0.2 0.8 0.512 0.0160997 0.04
0.616162 0.2 0.8 0.512 0.0160997 0.04
0.626263 0.2 0.8 0.512 0.0160997 0.04
0.636364 0.2 0.8 0.512 0.0160997 0.04
0.646465 0.2 0.8 0.512 0.0160997 0.04
0.656566 0.2 0.8 0.512 0.0160997 0.04
0.666667 0.2 0.8 0.512 0.0160997 0.04
0.676768 0.2 0.8 0.512 0.0160997 0.04
0.686869 0.2 0.8 0.512 0.0160997 0.04
0.69697 0.2 0.8 0.512 0.0160997 0.04
0.707071 0.2 0.8 0.512 0.0160997 0.04
0.717172 0.2 0.8 0.512 0.0160997 0.04
0.727273 0.2 0.8 0.512 0.0160997 0.04
0.737374 0.2 0.8 0.512 0.0160997 0.04
0.747475 0.2 0.8 0.512 0.0160997 0.04
0.757576 0.2 0.8 0.512 0.0160997 0.04
0.767677 0.2 0.8 0.512 0.0160997 0.04
0.777778 0.2 0.8 0.512 0.0160997 0.04
0.787879 0.2 0.8 0.512 0.0160997 0.04
0.79798 0.2 0.8 0.512 0.0160997 0.04
0.808081 0.2 0.8 0.512 0.0160997 0.04
0.818182 0.2 0.8 0.512 0.0160997 0.04
0.828283 0.2 0.8 0.512 0.0160997 0.04
0.838384 0.2 0.8 0.512 0.0160997 0.04
0.848485 0.2 0.8 0.512 0.0160997 0.04
0.858586 0.2 0.8 0.512 0.0160997 0.04
0.868687 0.2 0.8 0.512 0.0160997 0.04
0.878788 0.2 0.8 0.512 0.0160997 0.04
0.888889 0.2 0.8 0.512 0.0160997 0.04
0.89899 0.2 0.8 0.512 0.0160997 0.04
0.909091 0.2 0.8 0.512 0.0160997 0.04
0.919192 0.2 0.8 0.512 0.0160997 0.04
0.929293 0.2 0.8 0.512 0.0160997 0.04
0.939394 0.2 0.8 0.512 0.0160997 0.04
0.949495 0.2 0.8 0.512 0.0160997 0.04
0.959596 0.2 0.8 0.512 0.0160997 0.04
0.969697 0.2 0.8 0.512 0.0160997 0.04
0.979798 0.2 0.8 0.512 0.0160997 0.04
0.989899 0.2 0.8 0.512 0.0160997 0.04
1 0.2 0.8 0.512 0.0160997 0.04
0 0.8 0.2 0.008 0.51519 0.64
0.010101 0.799943 0.200057 0.00800679 0.515099 0.639909
0.020202 0.799586 0.200414 0.00804974 0.514524 0.639338
0.030303 0.798476 0.201524 0.00818425 0.51274 0.637564
0.040404 0.79618 0.20382 0.00846722 0.509062 0.633903
0.0505051 0.79255 0.20745 0.00892776 0.503279 0.628135
0.0606061 0.787753 0.212247 0.00956147 0.495699 0.620555
0.0707071 0.782116 0.217884 0.0103438 0.486878 0.611705
0.0808081 0.775964 0.224036 0.0112448 0.477361 0.60212
0.0909091 0.769553 0.230447 0.012238 0.467562 0.592212
0.10101 0.763056 0.236944 0.0133026 0.457756 0.582255
0.111111 0.756581 0.243419 0.0144233 0.448106 0.572414
0.121212 0.750189 0.249811 0.0155897 0.438701 0.562783
0.131313 0.743912 0.256088 0.0167945 0.429583 0.553406
0.141414 0.737765 0.262235 0.0180332 0.420763 0.544297
0.151515 0.731748 0.268252 0.0193032 0.412236 0.535455
0.161616 0.725856 0.274144 0.0206032 0.403988 0.526867
0.171717 0.720079 0.279921 0.0219334 0.395998 0.518514
0.181818 0.714404 0.285596 0.0232946 0.388242 0.510373
0.191919 0.708816 0.291184 0.024689 0.380694 0.50242
0.20202 0.703296 0.296704 0.0261197 0.373326 0.494626
0.212121 0.697827 0.302173 0.0275909 0.366111 0.486963
0.222222 0.692387 0.307613 0.0291082 0.359016 0.479399
0.232323 0.686949 0.313051 0.0306793 0.352009 0.471899
0.242424 0.681484 0.318516 0.0323143 0.345049 0.46442
0.252525 0.675954 0.324046 0.0340267 0.338093 0.456914
0.262626 0.670312 0.329688 0.0358352 0.331081 0.449318
0.272727 0.664492 0.335508 0.0377666 0.323942 0.44155
0.282828 0.658406 0.341594 0.0398594 0.316575 0.433498
0.292929 0.651921 0.348079 0.0421728 0.308838 0.425001
0.30303 0.644836 0.355164 0.0448011 0.300514 0.415813
0.313131 0.636819 0.363181 0.0479039 0.291261 0.405538
0.323232 0.627291 0.372709 0.0517739 0.280488 0.393494
0.333333 0.615141 0.384859 0.0570038 0.267104 0.378399
0.343434 0.59798 0.40202 0.0649746 0.248862 0.35758
0.353535 0.569814 0.430186 0.0796102 0.220585 0.324688
0.363636 0.512904 0.487096 0.11557 0.169563 0.26307
0.373737 0.384973 0.615027 0.232639 0.0827594 0.148204
0.383838 0.240789 0.759211 0.43761 0.0256055 0.0579793
0.393939 0.203342 0.796658 0.505609 0.0167808 0.0413481
0.40404 0.200215 0.799785 0.511587 0.016143 0.0400861
0.414141 0.200014 0.799986 0.511974 0.0161024 0.0400054
0.424242 0.200001 0.799999 0.511998 0.0160999 0.0400003
0.434343 0.2 0.8 0.512 0.0160997 0.04
0.444444 0.2 0.8 0.512 0.0160997 0.04
0.454545 0.2 0.8 0.512 0.0160997 0.04
0.464646 0.2 0.8 0.512 0.0160997 0.04
0.474747 0.2 0.8 0.512 0.0160997 0.04
0.484848 0.2 0.8 0.512 0.0160997 0.04
0.494949 0.2 0.8 0.512 0.0160997 0.04
0.505051 0.2 0.8 0.512 0.0160997 0.04
0.515152 0.2 0.8 0.512 0.0160997 0.04
0.525253 0.2 0.8 0.512 0.0160997 0.04
0.535354 0.2 0.8 0.512 0.0160997 0.04
0.545455 0.2 0.8 0.512 0.0160997 0.04
0.555556 0.2 0.8 0.512 0.0160997 0.04
0.565657 0.2 0.8 0.512 0.0160997 0.04
0.575758 0.2 0.8 0.512 0.0160997 0.04
0.585859 0.2 0.8 0.512 0.0160997 0.04
0.59596 0.2 0.8 0.512 0.0160997 0.04
0.606061 0.2 0.8 0.512 0.0160997 0.04
0.616162 0.2 0.8 0.512 0.0160997 0.04
0.626263 0.2 0.8 0.512 0.0160997 0.04
0.636364 0.2 0.8 0.512 0.0160997 0.04
0.646465 0.2 0.8 0.512 0.0160997 0.04
0.656566 0.2 0.8 0.512 0.0160997 0.04
0.666667 0.2 0.8 0.512 0.0160997 0.04
0.676768 0.2 0.8 0.512 0.0160997 0.04
0.686869 0.2 0.8 0.512 0.0160997 0.04
0.69697 0.2 0.8 0.512 0.0160997 0.04
0.707071 0.2 0.8 0.512 0.0160997 0.04
0.717172 0.2 0.8 0.512 0.0160997 0.04
0.727273 0.2 0.8 0.512 0.0160997 0.04
0.737374 0.2 0.8 0.512 0.0160997 0.04
0.747475 0.2 0.8 0.512 0.0160997 0.04
0.757576 0.2 0.8 0.512 0.0160997 0.04
0.767677 0.2 0.8 0.512 0.0160997 0.04
0.777778 0.2 0.8 0.512 0.0160997 0.04
0.787879 0.2 0.8 0.512 0.0160997 0.04
0.79798 0.2 0.8 0.512 0.0160997 0.04
0.808081 0.2 0.8 0.512 0.0160997 0.04
0.818182 0.2 0.8 0.512 0.0160997 0.04
0.828283 0.2 0.8 0.512 0.0160997 0.04
0.838384 0.2 0.8 0.512 0.0160997 0.04
0.848485 0.2 0.8 0.512 0.0160997 0.04
0.858586 0.2 0.8 0.512 0.0160997 0.04
0.868687 0.2 0.8 0.512 0.0160997 0.04
0.878788 0.2 0.8 0.512 0.0160997 0.04
0.888889 0.2 0.8 0.512 0.0160997 0.04
0.89899 0.2 0.8 0.512 0.0160997 0.04
0.909091 0.2 0.8 0.512 0.0160997 0.04
0.919192 0.2 0.8 0.512 0.0160997 0.04
0.929293 0.2 0.8 0.512 0.0160997 0.04
0.939394 0.2 0.8 0.512 0.0160997 0.04
0.949495 0.2 0.8 0.512 0.0160997 0.04
0.959596 0.2 0.8 0.512 0.0160997 0.04
0.969697 0.2 0.8 0.512 0.0160997 0.04
0.979798 0.2 0.8 0.512 0.0160997 0.04
0.989899 0.2 0.8 0.512 0.0160997 0.04
1 0.2 0.8 0.512 0.0160997 0.04
0 0.8 0.2 0.008 0.51519 0.64
0.010101 0.799999 0.200001 0.00800007 0.515189 0.639999
0.020202 0.799993 0.200007 0.00800082 0.515179 0.639989
0.030303 0.79996 0.20004 0.00800486 0.515125 0.639935
0.040404 0.79984 0.20016 0.00801925 0.514932 0.639744
0.0505051 0.799523 0.200477 0.00805736 0.514423 0.639237
0.0606061 0.798859 0.201141 0.00813775 0.513354 0.638175
0.0707071 0.797698 0.202302 0.00827946 0.511492 0.636322
0.0808081 0.795947 0.204053 0.00849629 0.508689 0.633531
0.0909091 0.793593 0.206407 0.00879373 0.504937 0.62979
0.10101 0.790695 0.209305 0.00916932 0.50034 0.625199
0.111111 0.787355 0.212645 0.00961538 0.495072 0.619928
0.121212 0.783684 0.216316 0.010122 0.489322 0.614161
0.131313 0.779787 0.220213 0.010679 0.483261 0.608067
0.141414 0.775748 0.224252 0.0112775 0.477028 0.601784
0.151515 0.771633 0.228367 0.0119097 0.470727 0.595417
0.161616 0.76749 0.23251 0.0125697 0.464434 0.58904
0.171717 0.763353 0.236647 0.0132527 0.458201 0.582708
0.181818 0.759245 0.240755 0.0139549 0.452061 0.576453
0.191919 0.755182 0.244818 0.0146734 0.446037 0.570299
0.20202 0.751172 0.248828 0.0154062 0.44014 0.56426
0.212121 0.747222 0.252778 0.0161517 0.434377 0.558341
0.222222 0.743333 0.256667 0.0169086 0.428747 0.552544
0.232323 0.739507 0.260493 0.0176762 0.423251 0.546871
0.242424 0.735742 0.264258 0.0184537 0.417885 0.541317
0.252525 0.732037 0.267963 0.0192409 0.412644 0.535878
0.262626 0.728389 0.271611 0.0200375 0.407521 0.53055
0.272727 0.724794 0.275206 0.0208436 0.402513 0.525327
0.282828 0.721251 0.278749 0.0216592 0.397611 0.520202
0.292929 0.717754 0.282246 0.0224845 0.392809 0.515171
0.30303 0.714301 0.285699 0.02332 0.388101 0.510225
0.313131 0.710887 0.289113 0.024166 0.383481 0.50536
0.323232 0.707508 0.292492 0.0250232 0.37894 0.500567
0.333333 0.70416 0.29584 0.0258923 0.374473 0.495841
0.343434 0.700838 0.299162 0.0267742 0.370073 0.491175
0.353535 0.697539 0.302461 0.02767 0.365732 0.48656
0.363636 0.694256 0.305744 0.0285809 0.361444 0.481991
0.373737 0.690983 0.309017 0.0295084 0.3572 0.477458
0.383838 0.687716 0.312284 0.0304543 0.352993 0.472953
0.393939 0.684447 0.315553 0.0314208 0.348812 0.468467
0.40404 0.681168 0.318832 0.0324106 0.344649 0.463989
0.414141 0.67787 0.32213 0.0334269 0.340493 0.459507
0.424242 0.674541 0.325459 0.0344737 0.336329 0.455006
0.434343 0.67117 0.32883 0.0355561 0.332142 0.450469
0.444444 0.667739 0.332261 0.0366806 0.327914 0.445876
0.454545 0.664228 0.335772 0.0378558 0.323621 0.441199
0.464646 0.66061 0.33939 0.0390927 0.319232 0.436406
0.474747 0.65685 0.34315 0.0404066 0.314708 0.431452
0.484848 0.652898 0.347102 0.0418187 0.309996 0.426276
0.494949 0.648688 0.351312 0.0433591 0.305022 0.420796
0.505051 0.644119 0.355881 0.0450729 0.29968 0.414889
0.515152 0.639042 0.360958 0.0470295 0.29381 0.408375
0.525253 0.63322 0.36678 0.049342 0.287164 0.400968
0.535354 0.626254 0.373746 0.0522069 0.279331 0.392195
0.545455 0.617423 0.382577 0.0559958 0.269588 0.381212
0.555556 0.605292 0.394708 0.0614934 0.25654 0.366378
0.565657 0.586621 0.413379 0.0706391 0.237212 0.344124
0.575758 0.5528 0.4472 0.0894344 0.204486 0.305588
0.585859 0.477839 0.522161 0.142368 0.142052 0.22833
0.59596 0.326275 0.673725 0.305807 0.0547271 0.106455
0.606061 0.218504 0.781496 0.477288 0.0200859 0.047744
0.616162 0.201322 0.798678 0.509466 0.0163671 0.0405305
0.626263 0.200085 0.799915 0.511838 0.0161167 0.0400338
0.636364 0.200005 0.799995 0.51199 0.0161008 0.0400021
0.646465 0.2 0.8 0.511999 0.0160998 0.0400001
0.656566 0.2 0.8 0.512 0.0160997 0.04
0.666667 0.2 0.8 0.512 0.0160997 0.04
0.676768 0.2 0.8 0.512 0.0160997 0.04
0.686869 0.2 0.8 0.512 0.0160997 0.04
0.69697 0.2 0.8 0.512 0.0160997 0.04
0.707071 0.2 0.8 0.512 0.0160997 0.04
0.717172 0.2 0.8 0.512 0.0160997 0.04
0.727273 0.2 0.8 0.512 0.0160997 0.04
0.737374 0.2 0.8 0.512 0.0160997 0.04
0.747475 0.2 0.8 0.512 0.0160997 0.04
0.757576 0.2 0.8 0.512 0.0160997 0.04
0.767677 0.2 0.8 0.512 0.0160997 0.04
0.777778 0.2 0.8 0.512 0.0160997 0.04
0.787879 0.2 0.8 0.512 0.0160997 0.04
0.79798 0.2 0.8 0.512 0.0160997 0.04
0.808081 0.2 0.8 0.512 0.0160997 0.04
0.818182 0.2 0.8 0.512 0.0160997 0.04
0.828283 0.2 0.8 0.512 0.0160997 0.04
0.838384 0.2 0.8 0.512 0.0160997 0.04
0.848485 0.2 0.8 0.512 0.0160997 0.04
0.858586 0.2 0.8 0.512 0.0160997 0.04
0.868687 0.2 0.8 0.512 0.0160997 0.04
0.878788 0.2 0.8 0.512 0.0160997 0.04
0.888889 0.2 0.8 0.512 0.0160997 0.04
0.89899 0.2 0.8 0.512 0.0160997 0.04
0.909091 0.2 0.8 0.512 0.0160997 0.04
0.919192 0.2 0.8 0.512 0.0160997 0.04
0.929293 0.2 0.8 0.512 0.0160997 0.04
0.939394 0.2 0.8 0.512 0.0160997 0.04
0.949495 0.2 0.8 0.512 0.0160997 0.04
0.959596 0.2 0.8 0.512 0.0160997 0.04
0.969697 0.2 0.8 0.512 0.0160997 0.04
0.979798 0.2 0.8 0.512 0.0160997 0.04
0.989899 0.2 0.8 0.512 0.0160997 0.04
1 0.2 0.8 0.512 0.0160997 0.04
0 0.8 0.2 0.008 0.51519 0.64
0.010101 0.8 0.2 0.008 0.51519 0.64
0.020202 0.8 0.2 0.008 0.51519 0.64
0.030303 0.8 0.2 0.00800003 0.51519 0.64
0.040404 0.799998 0.200002 0.0080002 0.515187 0.639997
0.0505051 0.799993 0.200007 0.00800089 0.515178 0.639988
0.0606061 0.799974 0.200026 0.00800313 0.515148 0.639958
0.0707071 0.799924 0.200076 0.00800918 0.515067 0.639878
0.0808081 0.799808 0.200192 0.0080231 0.514881 0.639692
0.0909091 0.799576 0.200424 0.00805098 0.514508 0.639322
0.10101 0.799166 0.200834 0.00810051 0.513848 0.638666
0.111111 0.798513 0.201487 0.00817973 0.5128 0.637624
0.121212 0.797567 0.202433 0.00829553 0.511282 0.636113
0.131313 0.796298 0.203702 0.00845246 0.509251 0.634091
0.141414 0.794706 0.205294 0.00865222 0.506709 0.631558
0.151515 0.792813 0.207187 0.00889387 0.503696 0.628552
0.161616 0.790655 0.209345 0.00917457 0.500277 0.625136
0.171717 0.78828 0.21172 0.00949037 0.496529 0.621386
0.181818 0.785734 0.214266 0.00983694 0.492528 0.617378
0.191919 0.783059 0.216941 0.01021 0.488347 0.613181
0.20202 0.780292 0.219708 0.0106056 0.484045 0.608856
0.212121 0.777465 0.222535 0.0110203 0.479672 0.604452
0.222222 0.774601 0.225399 0.0114513 0.475267 0.600007
0.232323 0.77172 0.22828 0.011896 0.47086 0.595552
0.242424 0.768837 0.231163 0.0123525 0.466475 0.59111
0.252525 0.765962 0.234038 0.0128191 0.462126 0.586698
0.262626 0.763104 0.236896 0.0132945 0.457828 0.582328
0.272727 0.760269 0.239731 0.0137775 0.453588 0.57801
0.282828 0.757462 0.242538 0.0142673 0.449411 0.573748
0.292929 0.754684 0.245316 0.0147632 0.445302 0.569547
0.30303 0.751937 0.248063 0.0152646 0.441262 0.56541
0.313131 0.749224 0.250776 0.015771 0.437292 0.561336
0.323232 0.746544 0.253456 0.0162821 0.433392 0.557327
0.333333 0.743897 0.256103 0.0167975 0.42956 0.553382
0.343434 0.741283 0.258717 0.0173172 0.425796 0.5495
0.353535 0.738701 0.261299 0.0178408 0.422099 0.545679
0.363636 0.736151 0.263849 0.0183682 0.418466 0.541918
0.373737 0.733632 0.266368 0.0188994 0.414894 0.538215
0.383838 0.731142 0.268858 0.0194343 0.411383 0.534568
0.393939 0.728681 0.271319 0.0199729 0.40793 0.530976
0.40404 0.726247 0.273753 0.0205152 0.404533 0.527435
0.414141 0.72384 0.27616 0.0210612 0.401189 0.523944
0.424242 0.721457 0.278543 0.021611 0.397896 0.520501
0.434343 0.719099 0.280901 0.0221646 0.394652 0.517103
0.444444 0.716763 0.283237 0.0227222 0.391455 0.513749
0.454545 0.714449 0.285551 0.0232837 0.388302 0.510437
0.464646 0.712154 0.287846 0.0238495 0.385192 0.507164
0.474747 0.709879 0.290121 0.0244196 0.382123 0.503928
0.484848 0.707621 0.292379 0.0249943 0.379091 0.500727
0.494949 0.705379 0.294621 0.0255736 0.376096 0.497559
0.505051 0.703152 0.296848 0.0261579 0.373134 0.494422
0.515152 0.700938 0.299062 0.0267474 0.370205 0.491315
0.525253 0.698737 0.301263 0.0273424 0.367305 0.488234
0.535354 0.696546 0.303454 0.0279432 0.364433 0.485177
0.545455 0.694365 0.305635 0.0285502 0.361586 0.482143
0.555556 0.692191 0.307809 0.0291639 0.358762 0.479128
0.565657 0.690022 0.309978 0.0297845 0.35596 0.476131
0.575758 0.687858 0.312142 0.0304128 0.353175 0.473149
0.585859 0.685696 0.314304 0.0310492 0.350406 0.470179
0.59596 0.683533 0.316467 0.0316946 0.347649 0.467218
0.606061 0.681368 0.318632 0.0323496 0.344903 0.464262
0.616162 0.679197 0.320803 0.0330152 0.342163 0.461309
0.626263 0.677019 0.322981 0.0336925 0.339425 0.458354
0.636364 0.674828 0.325172 0.0343827 0.336686 0.455393
0.646465 0.672622 0.327378 0.0350873 0.333941 0.45242
0.656566 0.670395 0.329605 0.0358082 0.331184 0.449429
0.666667 0.668142 0.331858 0.0365474 0.328409 0.446414
0.676768 0.665857 0.334143 0.0373076 0.325608 0.443365
0.686869 0.663531 0.336469 0.038092 0.322772 0.440274
0.69697 0.661155 0.338845 0.0389047 0.319891 0.437126
0.707071 0.658717 0.341283 0.0397506 0.316949 0.433908
0.717172 0.656201 0.343799 0.0406364 0.313931 0.430599
0.727273 0.653586 0.346414 0.0415705 0.310814 0.427175
0.737374 0.650848 0.349152 0.0425642 0.307568 0.423603
0.747475 0.64795 0.35205 0.043633 0.304155 0.419839
0.757576 0.644843 0.355157 0.0447981 0.300523 0.415823
0.767677 0.641461 0.358539 0.0460904 0.296598 0.411472
0.777778 0.637702 0.362298 0.0475554 0.292271 0.406663
0.787879 0.633414 0.366586 0.0492637 0.287383 0.401213
0.79798 0.628357 0.371643 0.0513307 0.281682 0.394833
0.808081 0.622125 0.377875 0.0539568 0.274749 0.387039
0.818182 0.61398 0.38602 0.0575213 0.265845 0.376972
0.828283 0.602456 0.397544 0.0628283 0.253546 0.362953
0.838384 0.584229 0.415771 0.0718722 0.234802 0.341324
0.848485 0.550438 0.449562 0.0908591 0.202308 0.302982
0.858586 0.474395 0.525605 0.145204 0.139506 0.225051
0.868687 0.322109 0.677891 0.311515 0.0529968 0.103754
0.878788 0.217459 0.782541 0.479205 0.0198466 0.0472884
0.888889 0.201244 0.798756 0.509616 0.0163512 0.0404991
0.89899 0.20008 0.79992 0.511847 0.0161158 0.0400319
0.909091 0.200005 0.799995 0.51199 0.0161007 0.040002
0.919192 0.2 0.8 0.511999 0.0160998 0.0400001
0.929293 0.2 0.8 0.512 0.0160997 0.04
0.939394 0.2 0.8 0.512 0.0160997 0.04
0.949495 0.2 0.8 0.512 0.0160997 0.04
0.959596 0.2 0.8 0.512 0.0160997 0.04
0.969697 0.2 0.8 0.512 0.0160997 0.04
0.979798 0.2 0.8 0.512 0.0160997 0.04
0.989899 0.2 0.8 0.512 0.0160997 0.04
1 0.2 0.8 0.512 0.0160997 0.04
