file written by Artem Medvedev
PARAMS:
t0: 0
sw0: 80
swn: 20
porosity: 0.2
mu_w: 0.0007
mu_o: 0.001
h: 0.010101
N: 100
t 1 10 20 50 100 200
0 0.8 0.2 0.04 0.576 0.64
0.010101 0.365241 0.634759 0.402919 0.120061 0.133401
0.020202 0.267238 0.732762 0.53694 0.0642746 0.0714163
0.030303 0.228464 0.771536 0.595268 0.0469762 0.0521958
0.040404 0.211211 0.788789 0.622188 0.040149 0.04461
0.0505051 0.203893 0.796107 0.633786 0.0374152 0.0415724
0.0606061 0.201166 0.798834 0.638136 0.0364208 0.0404676
0.0707071 0.2003 0.7997 0.63952 0.0361082 0.0401202
0.0808081 0.200067 0.799933 0.639893 0.0360242 0.0400269
0.0909091 0.200013 0.799987 0.639979 0.0360048 0.0400053
0.10101 0.200002 0.799998 0.639996 0.0360008 0.0400009
0.111111 0.2 0.8 0.639999 0.0360001 0.0400001
0.121212 0.2 0.8 0.64 0.036 0.04
0.131313 0.2 0.8 0.64 0.036 0.04
0.141414 0.2 0.8 0.64 0.036 0.04
0.151515 0.2 0.8 0.64 0.036 0.04
0.161616 0.2 0.8 0.64 0.036 0.04
0.171717 0.2 0.8 0.64 0.036 0.04
0.181818 0.2 0.8 0.64 0.036 0.04
0.191919 0.2 0.8 0.64 0.036 0.04
0.20202 0.2 0.8 0.64 0.036 0.04
0.212121 0.2 0.8 0.64 0.036 0.04
0.222222 0.2 0.8 0.64 0.036 0.04
0.232323 0.2 0.8 0.64 0.036 0.04
0.242424 0.2 0.8 0.64 0.036 0.04
0.252525 0.2 0.8 0.64 0.036 0.04
0.262626 0.2 0.8 0.64 0.036 0.04
0.272727 0.2 0.8 0.64 0.036 0.04
0.282828 0.2 0.8 0.64 0.036 0.04
0.292929 0.2 0.8 0.64 0.036 0.04
0.30303 0.2 0.8 0.64 0.036 0.04
0.313131 0.2 0.8 0.64 0.036 0.04
0.323232 0.2 0.8 0.64 0.036 0.04
0.333333 0.2 0.8 0.64 0.036 0.04
0.343434 0.2 0.8 0.64 0.036 0.04
0.353535 0.2 0.8 0.64 0.036 0.04
0.363636 0.2 0.8 0.64 0.036 0.04
0.373737 0.2 0.8 0.64 0.036 0.04
0.383838 0.2 0.8 0.64 0.036 0.04
0.393939 0.2 0.8 0.64 0.036 0.04
0.40404 0.2 0.8 0.64 0.036 0.04
0.414141 0.2 0.8 0.64 0.036 0.04
0.424242 0.2 0.8 0.64 0.036 0.04
0.434343 0.2 0.8 0.64 0.036 0.04
0.444444 0.2 0.8 0.64 0.036 0.04
0.454545 0.2 0.8 0.64 0.036 0.04
0.464646 0.2 0.8 0.64 0.036 0.04
0.474747 0.2 0.8 0.64 0.036 0.04
0.484848 0.2 0.8 0.64 0.036 0.04
0.494949 0.2 0.8 0.64 0.036 0.04
0.505051 0.2 0.8 0.64 0.036 0.04
0.515152 0.2 0.8 0.64 0.036 0.04
0.525253 0.2 0.8 0.64 0.036 0.04
0.535354 0.2 0.8 0.64 0.036 0.04
0.545455 0.2 0.8 0.64 0.036 0.04
0.555556 0.2 0.8 0.64 0.036 0.04
0.565657 0.2 0.8 0.64 0.036 0.04
0.575758 0.2 0.8 0.64 0.036 0.04
0.585859 0.2 0.8 0.64 0.036 0.04
0.59596 0.2 0.8 0.64 0.036 0.04
0.606061 0.2 0.8 0.64 0.036 0.04
0.616162 0.2 0.8 0.64 0.036 0.04
0.626263 0.2 0.8 0.64 0.036 0.04
0.636364 0.2 0.8 0.64 0.036 0.04
0.646465 0.2 0.8 0.64 0.036 0.04
0.656566 0.2 0.8 0.64 0.036 0.04
0.666667 0.2 0.8 0.64 0.036 0.04
0.676768 0.2 0.8 0.64 0.036 0.04
0.686869 0.2 0.8 0.64 0.036 0.04
0.69697 0.2 0.8 0.64 0.036 0.04
0.707071 0.2 0.8 0.64 0.036 0.04
0.717172 0.2 0.8 0.64 0.036 0.04
0.727273 0.2 0.8 0.64 0.036 0.04
0.737374 0.2 0.8 0.64 0.036 0.04
0.747475 0.2 0.8 0.64 0.036 0.04
0.757576 0.2 0.8 0.64 0.036 0.04
0.767677 0.2 0.8 0.64 0.036 0.04
0.777778 0.2 0.8 0.64 0.036 0.04
0.787879 0.2 0.8 0.64 0.036 0.04
0.79798 0.2 0.8 0.64 0.036 0.04
0.808081 0.2 0.8 0.64 0.036 0.04
0.818182 0.2 0.8 0.64 0.036 0.04
0.828283 0.2 0.8 0.64 0.036 0.04
0.838384 0.2 0.8 0.64 0.036 0.04
0.848485 0.2 0.8 0.64 0.036 0.04
0.858586 0.2 0.8 0.64 0.036 0.04
0.868687 0.2 0.8 0.64 0.036 0.04
0.878788 0.2 0.8 0.64 0.036 0.04
0.888889 0.2 0.8 0.64 0.036 0.04
0.89899 0.2 0.8 0.64 0.036 0.04
0.909091 0.2 0.8 0.64 0.036 0.04
0.919192 0.2 0.8 0.64 0.036 0.04
0.929293 0.2 0.8 0.64 0.036 0.04
0.939394 0.2 0.8 0.64 0.036 0.04
0.949495 0.2 0.8 0.64 0.036 0.04
0.959596 0.2 0.8 0.64 0.036 0.04
0.969697 0.2 0.8 0.64 0.036 0.04
0.979798 0.2 0.8 0.64 0.036 0.04
0.989899 0.2 0.8 0.64 0.036 0.04
1 0.2 0.8 0.64 0.036 0.04
0 0.8 0.2 0.04 0.576 0.64
0.010101 0.711315 0.288685 0.0833391 0.455372 0.505969
0.020202 0.611383 0.388617 0.151023 0.336411 0.37379
0.030303 0.532111 0.467889 0.21892 0.254828 0.283142
0.040404 0.472675 0.527325 0.278072 0.20108 0.223422
0.0505051 0.427576 0.572424 0.32767 0.164539 0.182821
0.0606061 0.392455 0.607545 0.369111 0.138619 0.154021
0.0707071 0.364385 0.635615 0.404007 0.119499 0.132776
0.0808081 0.341434 0.658566 0.433709 0.104919 0.116577
0.0909091 0.322306 0.677694 0.45927 0.0934929 0.103881
0.10101 0.306109 0.693891 0.481485 0.0843324 0.0937026
0.111111 0.292214 0.707786 0.500961 0.07685 0.0853889
0.121212 0.280165 0.719835 0.518162 0.0706432 0.0784924
0.131313 0.269627 0.730373 0.533445 0.0654287 0.0726986
0.141414 0.260346 0.739654 0.547088 0.0610021 0.0677801
0.151515 0.252131 0.747869 0.559308 0.057213 0.06357
0.161616 0.244832 0.755168 0.570278 0.0539486 0.0599429
0.171717 0.238335 0.761665 0.580133 0.0511234 0.0568037
0.181818 0.232549 0.767451 0.58898 0.0486713 0.0540792
0.191919 0.227404 0.772596 0.596905 0.0465412 0.0517124
0.20202 0.222842 0.777158 0.603975 0.0446926 0.0496584
0.212121 0.218819 0.781181 0.610244 0.0430935 0.0478816
0.222222 0.215298 0.784702 0.615758 0.0417178 0.0463531
0.232323 0.212247 0.787753 0.620556 0.0405437 0.0450486
0.242424 0.209636 0.790364 0.624675 0.0395526 0.0439474
0.252525 0.207438 0.792562 0.628155 0.0387274 0.0430305
0.262626 0.20562 0.79438 0.631039 0.0380518 0.0422797
0.272727 0.20415 0.79585 0.633377 0.0375095 0.0416772
0.282828 0.202989 0.797011 0.635226 0.0370841 0.0412046
0.292929 0.202097 0.797903 0.636649 0.0367589 0.0408432
0.30303 0.201431 0.798569 0.637712 0.036517 0.0405745
0.313131 0.200949 0.799051 0.638482 0.0363426 0.0403806
0.323232 0.200612 0.799388 0.639022 0.0362205 0.0402451
0.333333 0.200383 0.799617 0.639388 0.0361379 0.0401533
0.343434 0.200233 0.799767 0.639628 0.0360838 0.0400931
0.353535 0.200137 0.799863 0.63978 0.0360495 0.040055
0.363636 0.200079 0.799921 0.639874 0.0360284 0.0400315
0.373737 0.200044 0.799956 0.63993 0.0360158 0.0400176
0.383838 0.200024 0.799976 0.639962 0.0360086 0.0400095
0.393939 0.200013 0.799987 0.63998 0.0360045 0.040005
0.40404 0.200006 0.799994 0.63999 0.0360023 0.0400026
0.414141 0.200003 0.799997 0.639995 0.0360012 0.0400013
0.424242 0.200002 0.799998 0.639997 0.0360006 0.0400006
0.434343 0.200001 0.799999 0.639999 0.0360003 0.0400003
0.444444 0.2 0.8 0.639999 0.0360001 0.0400001
0.454545 0.2 0.8 0.64 0.0360001 0.0400001
0.464646 0.2 0.8 0.64 0.036 0.04
0.474747 0.2 0.8 0.64 0.036 0.04
0.484848 0.2 0.8 0.64 0.036 0.04
0.494949 0.2 0.8 0.64 0.036 0.04
0.505051 0.2 0.8 0.64 0.036 0.04
0.515152 0.2 0.8 0.64 0.036 0.04
0.525253 0.2 0.8 0.64 0.036 0.04
0.535354 0.2 0.8 0.64 0.036 0.04
0.545455 0.2 0.8 0.64 0.036 0.04
0.555556 0.2 0.8 0.64 0.036 0.04
0.565657 0.2 0.8 0.64 0.036 0.04
0.575758 0.2 0.8 0.64 0.036 0.04
0.585859 0.2 0.8 0.64 0.036 0.04
0.59596 0.2 0.8 0.64 0.036 0.04
0.606061 0.2 0.8 0.64 0.036 0.04
0.616162 0.2 0.8 0.64 0.036 0.04
0.626263 0.2 0.8 0.64 0.036 0.04
0.636364 0.2 0.8 0.64 0.036 0.04
0.646465 0.2 0.8 0.64 0.036 0.04
0.656566 0.2 0.8 0.64 0.036 0.04
0.666667 0.2 0.8 0.64 0.036 0.04
0.676768 0.2 0.8 0.64 0.036 0.04
0.686869 0.2 0.8 0.64 0.036 0.04
0.69697 0.2 0.8 0.64 0.036 0.04
0.707071 0.2 0.8 0.64 0.036 0.04
0.717172 0.2 0.8 0.64 0.036 0.04
0.727273 0.2 0.8 0.64 0.036 0.04
0.737374 0.2 0.8 0.64 0.036 0.04
0.747475 0.2 0.8 0.64 0.036 0.04
0.757576 0.2 0.8 0.64 0.036 0.04
0.767677 0.2 0.8 0.64 0.036 0.04
0.777778 0.2 0.8 0.64 0.036 0.04
0.787879 0.2 0.8 0.64 0.036 0.04
0.79798 0.2 0.8 0.64 0.036 0.04
0.808081 0.2 0.8 0.64 0.036 0.04
0.818182 0.2 0.8 0.64 0.036 0.04
0.828283 0.2 0.8 0.64 0.036 0.04
0.838384 0.2 0.8 0.64 0.036 0.04
0.848485 0.2 0.8 0.64 0.036 0.04
0.858586 0.2 0.8 0.64 0.036 0.04
0.868687 0.2 0.8 0.64 0.036 0.04
0.878788 0.2 0.8 0.64 0.036 0.04
0.888889 0.2 0.8 0.64 0.036 0.04
0.89899 0.2 0.8 0.64 0.036 0.04
0.909091 0.2 0.8 0.64 0.036 0.04
0.919192 0.2 0.8 0.64 0.036 0.04
0.929293 0.2 0.8 0.64 0.036 0.04
0.939394 0.2 0.8 0.64 0.036 0.04
0.949495 0.2 0.8 0.64 0.036 0.04
0.959596 0.2 0.8 0.64 0.036 0.04
0.969697 0.2 0.8 0.64 0.036 0.04
0.979798 0.2 0.8 0.64 0.036 0.04
0.989899 0.2 0.8 0.64 0.036 0.04
1 0.2 0.8 0.64 0.036 0.04
