file written by Artem Medvedev
PARAMS:
t0: 0
sw0: 80
swn: 20
porosity: 0.2
mu_w: 0.0007
mu_o: 0.001
h: 0.010101
N: 100
t 1 10 20 50 100 200
0 0.8 0.2 0.04 0.576 0.64
0.010101 0.365241 0.634759 0.402919 0.120061 0.133401
0.020202 0.267238 0.732762 0.53694 0.0642746 0.0714163
0.030303 0.228464 0.771536 0.595268 0.0469762 0.0521958
0.040404 0.211211 0.788789 0.622188 0.040149 0.04461
0.0505051 0.203893 0.796107 0.633786 0.0374152 0.0415724
0.0606061 0.201166 0.798834 0.638136 0.0364208 0.0404676
0.0707071 0.2003 0.7997 0.63952 0.0361082 0.0401202
0.0808081 0.200067 0.799933 0.639893 0.0360242 0.0400269
0.0909091 0.200013 0.799987 0.639979 0.0360048 0.0400053
0.10101 0.200002 0.799998 0.639996 0.0360008 0.0400009
0.111111 0.2 0.8 0.639999 0.0360001 0.0400001
0.121212 0.2 0.8 0.64 0.036 0.04
0.131313 0.2 0.8 0.64 0.036 0.04
0.141414 0.2 0.8 0.64 0.036 0.04
0.151515 0.2 0.8 0.64 0.036 0.04
0.161616 0.2 0.8 0.64 0.036 0.04
0.171717 0.2 0.8 0.64 0.036 0.04
0.181818 0.2 0.8 0.64 0.036 0.04
0.191919 0.2 0.8 0.64 0.036 0.04
0.20202 0.2 0.8 0.64 0.036 0.04
0.212121 0.2 0.8 0.64 0.036 0.04
0.222222 0.2 0.8 0.64 0.036 0.04
0.232323 0.2 0.8 0.64 0.036 0.04
0.242424 0.2 0.8 0.64 0.036 0.04
0.252525 0.2 0.8 0.64 0.036 0.04
0.262626 0.2 0.8 0.64 0.036 0.04
0.272727 0.2 0.8 0.64 0.036 0.04
0.282828 0.2 0.8 0.64 0.036 0.04
0.292929 0.2 0.8 0.64 0.036 0.04
0.30303 0.2 0.8 0.64 0.036 0.04
0.313131 0.2 0.8 0.64 0.036 0.04
0.323232 0.2 0.8 0.64 0.036 0.04
0.333333 0.2 0.8 0.64 0.036 0.04
0.343434 0.2 0.8 0.64 0.036 0.04
0.353535 0.2 0.8 0.64 0.036 0.04
0.363636 0.2 0.8 0.64 0.036 0.04
0.373737 0.2 0.8 0.64 0.036 0.04
0.383838 0.2 0.8 0.64 0.036 0.04
0.393939 0.2 0.8 0.64 0.036 0.04
0.40404 0.2 0.8 0.64 0.036 0.04
0.414141 0.2 0.8 0.64 0.036 0.04
0.424242 0.2 0.8 0.64 0.036 0.04
0.434343 0.2 0.8 0.64 0.036 0.04
0.444444 0.2 0.8 0.64 0.036 0.04
0.454545 0.2 0.8 0.64 0.036 0.04
0.464646 0.2 0.8 0.64 0.036 0.04
0.474747 0.2 0.8 0.64 0.036 0.04
0.484848 0.2 0.8 0.64 0.036 0.04
0.494949 0.2 0.8 0.64 0.036 0.04
0.505051 0.2 0.8 0.64 0.036 0.04
0.515152 0.2 0.8 0.64 0.036 0.04
0.525253 0.2 0.8 0.64 0.036 0.04
0.535354 0.2 0.8 0.64 0.036 0.04
0.545455 0.2 0.8 0.64 0.036 0.04
0.555556 0.2 0.8 0.64 0.036 0.04
0.565657 0.2 0.8 0.64 0.036 0.04
0.575758 0.2 0.8 0.64 0.036 0.04
0.585859 0.2 0.8 0.64 0.036 0.04
0.59596 0.2 0.8 0.64 0.036 0.04
0.606061 0.2 0.8 0.64 0.036 0.04
0.616162 0.2 0.8 0.64 0.036 0.04
0.626263 0.2 0.8 0.64 0.036 0.04
0.636364 0.2 0.8 0.64 0.036 0.04
0.646465 0.2 0.8 0.64 0.036 0.04
0.656566 0.2 0.8 0.64 0.036 0.04
0.666667 0.2 0.8 0.64 0.036 0.04
0.676768 0.2 0.8 0.64 0.036 0.04
0.686869 0.2 0.8 0.64 0.036 0.04
0.69697 0.2 0.8 0.64 0.036 0.04
0.707071 0.2 0.8 0.64 0.036 0.04
0.717172 0.2 0.8 0.64 0.036 0.04
0.727273 0.2 0.8 0.64 0.036 0.04
0.737374 0.2 0.8 0.64 0.036 0.04
0.747475 0.2 0.8 0.64 0.036 0.04
0.757576 0.2 0.8 0.64 0.036 0.04
0.767677 0.2 0.8 0.64 0.036 0.04
0.777778 0.2 0.8 0.64 0.036 0.04
0.787879 0.2 0.8 0.64 0.036 0.04
0.79798 0.2 0.8 0.64 0.036 0.04
0.808081 0.2 0.8 0.64 0.036 0.04
0.818182 0.2 0.8 0.64 0.036 0.04
0.828283 0.2 0.8 0.64 0.036 0.04
0.838384 0.2 0.8 0.64 0.036 0.04
0.848485 0.2 0.8 0.64 0.036 0.04
0.858586 0.2 0.8 0.64 0.036 0.04
0.868687 0.2 0.8 0.64 0.036 0.04
0.878788 0.2 0.8 0.64 0.036 0.04
0.888889 0.2 0.8 0.64 0.036 0.04
0.89899 0.2 0.8 0.64 0.036 0.04
0.909091 0.2 0.8 0.64 0.036 0.04
0.919192 0.2 0.8 0.64 0.036 0.04
0.929293 0.2 0.8 0.64 0.036 0.04
0.939394 0.2 0.8 0.64 0.036 0.04
0.949495 0.2 0.8 0.64 0.036 0.04
0.959596 0.2 0.8 0.64 0.036 0.04
0.969697 0.2 0.8 0.64 0.036 0.04
0.979798 0.2 0.8 0.64 0.036 0.04
0.989899 0.2 0.8 0.64 0.036 0.04
1 0.2 0.8 0.64 0.036 0.04
0 0.8 0.2 0.04 0.576 0.64
0.010101 0.711315 0.288685 0.0833391 0.455372 0.505969
0.020202 0.611383 0.388617 0.151023 0.336411 0.37379
0.030303 0.532111 0.467889 0.21892 0.254828 0.283142
0.040404 0.472675 0.527325 0.278072 0.20108 0.223422
0.0505051 0.427576 0.572424 0.32767 0.164539 0.182821
0.0606061 0.392455 0.607545 0.369111 0.138619 0.154021
0.0707071 0.364385 0.635615 0.404007 0.119499 0.132776
0.0808081 0.341434 0.658566 0.433709 0.104919 0.116577
0.0909091 0.322306 0.677694 0.45927 0.0934929 0.103881
0.10101 0.306109 0.693891 0.481485 0.0843324 0.0937026
0.111111 0.292214 0.707786 0.500961 0.07685 0.0853889
0.121212 0.280165 0.719835 0.518162 0.0706432 0.0784924
0.131313 0.269627 0.730373 0.533445 0.0654287 0.0726986
0.141414 0.260346 0.739654 0.547088 0.0610021 0.0677801
0.151515 0.252131 0.747869 0.559308 0.057213 0.06357
0.161616 0.244832 0.755168 0.570278 0.0539486 0.0599429
0.171717 0.238335 0.761665 0.580133 0.0511234 0.0568037
0.181818 0.232549 0.767451 0.58898 0.0486713 0.0540792
0.191919 0.227404 0.772596 0.596905 0.0465412 0.0517124
0.20202 0.222842 0.777158 0.603975 0.0446926 0.0496584
0.212121 0.218819 0.781181 0.610244 0.0430935 0.0478816
0.222222 0.215298 0.784702 0.615758 0.0417178 0.0463531
0.232323 0.212247 0.787753 0.620556 0.0405437 0.0450486
0.242424 0.209636 0.790364 0.624675 0.0395526 0.0439474
0.252525 0.207438 0.792562 0.628155 0.0387274 0.0430305
0.262626 0.20562 0.79438 0.631039 0.0380518 0.0422797
0.272727 0.20415 0.79585 0.633377 0.0375095 0.0416772
0.282828 0.202989 0.797011 0.635226 0.0370841 0.0412046
0.292929 0.202097 0.797903 0.636649 0.0367589 0.0408432
0.30303 0.201431 0.798569 0.637712 0.036517 0.0405745
0.313131 0.200949 0.799051 0.638482 0.0363426 0.0403806
0.323232 0.200612 0.799388 0.639022 0.0362205 0.0402451
0.333333 0.200383 0.799617 0.639388 0.0361379 0.0401533
0.343434 0.200233 0.799767 0.639628 0.0360838 0.0400931
0.353535 0.200137 0.799863 0.63978 0.0360495 0.040055
0.363636 0.200079 0.799921 0.639874 0.0360284 0.0400315
0.373737 0.200044 0.799956 0.63993 0.0360158 0.0400176
0.383838 0.200024 0.799976 0.639962 0.0360086 0.0400095
0.393939 0.200013 0.799987 0.63998 0.0360045 0.040005
0.40404 0.200006 0.799994 0.63999 0.0360023 0.0400026
0.414141 0.200003 0.799997 0.639995 0.0360012 0.0400013
0.424242 0.200002 0.799998 0.639997 0.0360006 0.0400006
0.434343 0.200001 0.799999 0.639999 0.0360003 0.0400003
0.444444 0.2 0.8 0.639999 0.0360001 0.0400001
0.454545 0.2 0.8 0.64 0.0360001 0.0400001
0.464646 0.2 0.8 0.64 0.036 0.04
0.474747 0.2 0.8 0.64 0.036 0.04
0.484848 0.2 0.8 0.64 0.036 0.04
0.494949 0.2 0.8 0.64 0.036 0.04
0.505051 0.2 0.8 0.64 0.036 0.04
0.515152 0.2 0.8 0.64 0.036 0.04
0.525253 0.2 0.8 0.64 0.036 0.04
0.535354 0.2 0.8 0.64 0.036 0.04
0.545455 0.2 0.8 0.64 0.036 0.04
0.555556 0.2 0.8 0.64 0.036 0.04
0.565657 0.2 0.8 0.64 0.036 0.04
0.575758 0.2 0.8 0.64 0.036 0.04
0.585859 0.2 0.8 0.64 0.036 0.04
0.59596 0.2 0.8 0.64 0.036 0.04
0.606061 0.2 0.8 0.64 0.036 0.04
0.616162 0.2 0.8 0.64 0.036 0.04
0.626263 0.2 0.8 0.64 0.036 0.04
0.636364 0.2 0.8 0.64 0.036 0.04
0.646465 0.2 0.8 0.64 0.036 0.04
0.656566 0.2 0.8 0.64 0.036 0.04
0.666667 0.2 0.8 0.64 0.036 0.04
0.676768 0.2 0.8 0.64 0.036 0.04
0.686869 0.2 0.8 0.64 0.036 0.04
0.69697 0.2 0.8 0.64 0.036 0.04
0.707071 0.2 0.8 0.64 0.036 0.04
0.717172 0.2 0.8 0.64 0.036 0.04
0.727273 0.2 0.8 0.64 0.036 0.04
0.737374 0.2 0.8 0.64 0.036 0.04
0.747475 0.2 0.8 0.64 0.036 0.04
0.757576 0.2 0.8 0.64 0.036 0.04
0.767677 0.2 0.8 0.64 0.036 0.04
0.777778 0.2 0.8 0.64 0.036 0.04
0.787879 0.2 0.8 0.64 0.036 0.04
0.79798 0.2 0.8 0.64 0.036 0.04
0.808081 0.2 0.8 0.64 0.036 0.04
0.818182 0.2 0.8 0.64 0.036 0.04
0.828283 0.2 0.8 0.64 0.036 0.04
0.838384 0.2 0.8 0.64 0.036 0.04
0.848485 0.2 0.8 0.64 0.036 0.04
0.858586 0.2 0.8 0.64 0.036 0.04
0.868687 0.2 0.8 0.64 0.036 0.04
0.878788 0.2 0.8 0.64 0.036 0.04
0.888889 0.2 0.8 0.64 0.036 0.04
0.89899 0.2 0.8 0.64 0.036 0.04
0.909091 0.2 0.8 0.64 0.036 0.04
0.919192 0.2 0.8 0.64 0.036 0.04
0.929293 0.2 0.8 0.64 0.036 0.04
0.939394 0.2 0.8 0.64 0.036 0.04
0.949495 0.2 0.8 0.64 0.036 0.04
0.959596 0.2 0.8 0.64 0.036 0.04
0.969697 0.2 0.8 0.64 0.036 0.04
0.979798 0.2 0.8 0.64 0.036 0.04
0.989899 0.2 0.8 0.64 0.036 0.04
1 0.2 0.8 0.64 0.036 0.04
0 0.8 0.2 0.04 0.576 0.64
0.010101 0.79202 0.20798 0.0432557 0.564566 0.627296
0.020202 0.768154 0.231846 0.0537525 0.531055 0.590061
0.030303 0.730853 0.269147 0.0724401 0.480732 0.534146
0.040404 0.687891 0.312109 0.0974123 0.425874 0.473193
0.0505051 0.645336 0.354664 0.125787 0.374813 0.416458
0.0606061 0.606123 0.393877 0.155139 0.330647 0.367385
0.0707071 0.571139 0.428861 0.183922 0.293579 0.326199
0.0808081 0.540307 0.459693 0.211317 0.262739 0.291932
0.0909091 0.513199 0.486801 0.236975 0.237036 0.263373
0.10101 0.489305 0.510695 0.260809 0.215477 0.239419
0.111111 0.468144 0.531856 0.282871 0.197243 0.219159
0.121212 0.449298 0.550702 0.303273 0.181682 0.201868
0.131313 0.432415 0.567585 0.322153 0.168284 0.186983
0.141414 0.417205 0.582795 0.33965 0.156654 0.17406
0.151515 0.403427 0.596573 0.3559 0.146478 0.162753
0.161616 0.390883 0.609117 0.371024 0.137511 0.152789
0.171717 0.379409 0.620591 0.385133 0.129556 0.143951
0.181818 0.368868 0.631132 0.398327 0.122457 0.136064
0.191919 0.359146 0.640854 0.410694 0.116087 0.128986
0.20202 0.350146 0.649854 0.42231 0.110342 0.122602
0.212121 0.341787 0.658213 0.433244 0.105137 0.116818
0.222222 0.333999 0.666001 0.443558 0.1004 0.111555
0.232323 0.326722 0.673278 0.453304 0.0960723 0.106747
0.242424 0.319904 0.680096 0.46253 0.0921048 0.102339
0.252525 0.313502 0.686498 0.471279 0.0884552 0.0982835
0.262626 0.307476 0.692524 0.479589 0.0850875 0.0945416
0.272727 0.301793 0.698207 0.487493 0.0819711 0.091079
0.282828 0.296423 0.703577 0.495021 0.0790797 0.0878663
0.292929 0.291339 0.708661 0.502201 0.0763904 0.0848782
0.30303 0.286518 0.713482 0.509056 0.0738834 0.0820926
0.313131 0.28194 0.71806 0.51561 0.0715414 0.0794904
0.323232 0.277587 0.722413 0.52188 0.0693492 0.0770546
0.333333 0.273442 0.726558 0.527887 0.0672935 0.0747705
0.343434 0.26949 0.73051 0.533644 0.0653625 0.072625
0.353535 0.265719 0.734281 0.539169 0.0635459 0.0706066
0.363636 0.262116 0.737884 0.544472 0.0618344 0.0687049
0.373737 0.258671 0.741329 0.549568 0.0602198 0.0669109
0.383838 0.255375 0.744625 0.554466 0.0586948 0.0652164
0.393939 0.252218 0.747782 0.559177 0.0572527 0.0636142
0.40404 0.249194 0.750806 0.56371 0.0558878 0.0620976
0.414141 0.246294 0.753706 0.568072 0.0545948 0.0606609
0.424242 0.243514 0.756486 0.572272 0.0533689 0.0592988
0.434343 0.240846 0.759154 0.576315 0.052206 0.0580066
0.444444 0.238286 0.761714 0.580209 0.0511021 0.0567801
0.454545 0.235829 0.764171 0.583957 0.0500539 0.0556154
0.464646 0.233472 0.766528 0.587565 0.0490583 0.0545092
0.474747 0.231211 0.768789 0.591037 0.0481125 0.0534583
0.484848 0.229042 0.770958 0.594377 0.047214 0.05246
0.494949 0.226962 0.773038 0.597587 0.0463607 0.0515119
0.505051 0.224971 0.775029 0.60067 0.0455506 0.0506118
0.515152 0.223064 0.776936 0.603629 0.0447819 0.0497577
0.525253 0.221242 0.778758 0.606464 0.0440531 0.0489479
0.535354 0.219502 0.780498 0.609178 0.0433629 0.0481809
0.545455 0.217843 0.782157 0.61177 0.0427099 0.0474555
0.555556 0.216265 0.783735 0.614241 0.0420933 0.0467703
0.565657 0.214766 0.785234 0.616592 0.0415121 0.0461245
0.575758 0.213348 0.786652 0.618822 0.0409655 0.0455172
0.585859 0.212009 0.787991 0.620931 0.0404529 0.0449476
0.59596 0.210749 0.789251 0.622917 0.0399736 0.0444151
0.606061 0.209568 0.790432 0.624782 0.039527 0.0439189
0.616162 0.208467 0.791533 0.626524 0.0391128 0.0434586
0.626263 0.207445 0.792555 0.628143 0.0387302 0.0430336
0.636364 0.206502 0.793498 0.629639 0.0383788 0.0426431
0.646465 0.205637 0.794363 0.631013 0.0380579 0.0422866
0.656566 0.204849 0.795151 0.632265 0.0377668 0.0419631
0.666667 0.204137 0.795863 0.633398 0.0375046 0.0416718
0.676768 0.203498 0.796502 0.634415 0.0372704 0.0414115
0.686869 0.202931 0.797069 0.635319 0.0370629 0.041181
0.69697 0.202432 0.797568 0.636115 0.0368809 0.0409787
0.707071 0.201998 0.798002 0.636808 0.0367227 0.040803
0.717172 0.201624 0.798376 0.637405 0.0365868 0.040652
0.727273 0.201305 0.798695 0.637914 0.0364714 0.0405237
0.737374 0.201037 0.798963 0.638341 0.0363744 0.040416
0.747475 0.200815 0.799185 0.638697 0.036294 0.0403267
0.757576 0.200633 0.799367 0.638988 0.0362282 0.0402535
0.767677 0.200485 0.799515 0.639223 0.036175 0.0401944
0.777778 0.200368 0.799632 0.639411 0.0361326 0.0401473
0.787879 0.200275 0.799725 0.639559 0.0360992 0.0401102
0.79798 0.200204 0.799796 0.639674 0.0360734 0.0400815
0.808081 0.200149 0.799851 0.639762 0.0360536 0.0400595
0.818182 0.200107 0.799893 0.639828 0.0360386 0.0400429
0.828283 0.200076 0.799924 0.639878 0.0360275 0.0400306
0.838384 0.200054 0.799946 0.639914 0.0360194 0.0400215
0.848485 0.200037 0.799963 0.63994 0.0360135 0.040015
0.858586 0.200026 0.799974 0.639959 0.0360093 0.0400103
0.868687 0.200017 0.799983 0.639972 0.0360063 0.040007
0.878788 0.200012 0.799988 0.639981 0.0360042 0.0400047
0.888889 0.200008 0.799992 0.639988 0.0360028 0.0400031
0.89899 0.200005 0.799995 0.639992 0.0360018 0.040002
0.909091 0.200003 0.799997 0.639995 0.0360012 0.0400013
0.919192 0.200002 0.799998 0.639997 0.0360008 0.0400008
0.929293 0.200001 0.799999 0.639998 0.0360005 0.0400005
0.939394 0.200001 0.799999 0.639999 0.0360003 0.0400003
0.949495 0.200001 0.799999 0.639999 0.0360002 0.0400002
0.959596 0.2 0.8 0.639999 0.0360001 0.0400001
0.969697 0.2 0.8 0.64 0.0360001 0.0400001
0.979798 0.2 0.8 0.64 0.036 0.04
0.989899 0.2 0.8 0.64 0.036 0.04
1 0.2 0.8 0.64 0.036 0.04
0 0.8 0.2 0.04 0.576 0.64
0.010101 0.799975 0.200025 0.0400099 0.575964 0.63996
0.020202 0.799764 0.200236 0.0400946 0.57566 0.639622
0.030303 0.798866 0.201134 0.0404548 0.574369 0.638187
0.040404 0.796356 0.203644 0.041471 0.570764 0.634182
0.0505051 0.791116 0.208884 0.0436323 0.563279 0.625865
0.0606061 0.782341 0.217659 0.0473756 0.550851 0.612057
0.0707071 0.769894 0.230106 0.0529489 0.533463 0.592736
0.0808081 0.754303 0.245697 0.0603672 0.512075 0.568972
0.0909091 0.736464 0.263536 0.0694514 0.488141 0.542379
0.10101 0.717328 0.282672 0.0799035 0.463103 0.514559
0.111111 0.697704 0.302296 0.0913831 0.438111 0.48679
0.121212 0.678189 0.321811 0.103562 0.413946 0.45994
0.131313 0.659182 0.340818 0.116157 0.391069 0.434521
0.141414 0.640922 0.359078 0.128937 0.369703 0.410781
0.151515 0.623535 0.376465 0.141726 0.349917 0.388796
0.161616 0.607072 0.392928 0.154392 0.331683 0.368537
0.171717 0.591534 0.408466 0.166844 0.314921 0.349913
0.181818 0.576894 0.423106 0.179018 0.299527 0.332807
0.191919 0.56311 0.43689 0.190873 0.285384 0.317093
0.20202 0.550129 0.449871 0.202384 0.272378 0.302642
0.212121 0.537899 0.462101 0.213538 0.260401 0.289335
0.222222 0.526364 0.473636 0.224331 0.249353 0.277059
0.232323 0.515474 0.484526 0.234765 0.239142 0.265713
0.242424 0.505179 0.494821 0.244848 0.229686 0.255206
0.252525 0.495435 0.504565 0.254586 0.22091 0.245456
0.262626 0.486198 0.513802 0.263992 0.21275 0.236389
0.272727 0.477432 0.522568 0.273078 0.205147 0.227941
0.282828 0.469099 0.530901 0.281855 0.198049 0.220054
0.292929 0.46117 0.53883 0.290338 0.19141 0.212678
0.30303 0.453614 0.546386 0.298538 0.185189 0.205765
0.313131 0.446404 0.553596 0.306469 0.179349 0.199276
0.323232 0.439517 0.560483 0.314142 0.173857 0.193175
0.333333 0.43293 0.56707 0.321569 0.168685 0.187428
0.343434 0.426623 0.573377 0.328761 0.163806 0.182007
0.353535 0.420578 0.579422 0.33573 0.159197 0.176885
0.363636 0.414777 0.585223 0.342486 0.154836 0.17204
0.373737 0.409206 0.590794 0.349038 0.150704 0.167449
0.383838 0.40385 0.59615 0.355395 0.146785 0.163094
0.393939 0.398695 0.601305 0.361567 0.143062 0.158958
0.40404 0.393731 0.606269 0.367562 0.139522 0.155024
0.414141 0.388946 0.611054 0.373387 0.136151 0.151279
0.424242 0.384329 0.615671 0.37905 0.132938 0.147709
0.434343 0.379872 0.620128 0.384559 0.129873 0.144303
0.444444 0.375566 0.624434 0.389918 0.126945 0.141049
0.454545 0.371401 0.628599 0.395136 0.124145 0.137939
0.464646 0.367372 0.632628 0.400218 0.121466 0.134962
0.474747 0.363471 0.636529 0.405169 0.1189 0.132111
0.484848 0.359691 0.640309 0.409995 0.11644 0.129378
0.494949 0.356027 0.643973 0.414701 0.11408 0.126755
0.505051 0.352473 0.647527 0.419292 0.111813 0.124237
0.515152 0.349023 0.650977 0.423771 0.109635 0.121817
0.525253 0.345672 0.654328 0.428144 0.107541 0.119489
0.535354 0.342417 0.657583 0.432415 0.105525 0.11725
0.545455 0.339253 0.660747 0.436587 0.103583 0.115092
0.555556 0.336175 0.663825 0.440664 0.101712 0.113013
0.565657 0.33318 0.66682 0.444649 0.0999078 0.111009
0.575758 0.330264 0.669736 0.448547 0.0981667 0.109074
0.585859 0.327424 0.672576 0.452359 0.0964857 0.107206
0.59596 0.324656 0.675344 0.456089 0.0948616 0.105402
0.606061 0.321959 0.678041 0.45974 0.0932917 0.103657
0.616162 0.319328 0.680672 0.463314 0.0917734 0.10197
0.626263 0.316762 0.683238 0.466815 0.0903041 0.100338
0.636364 0.314257 0.685743 0.470244 0.0888816 0.0987574
0.646465 0.311811 0.688189 0.473604 0.0875037 0.0972263
0.656566 0.309423 0.690577 0.476897 0.0861683 0.0957426
0.666667 0.30709 0.69291 0.480125 0.0848736 0.094304
0.676768 0.304809 0.695191 0.483291 0.0836177 0.0929085
0.686869 0.302579 0.697421 0.486396 0.0823988 0.0915543
0.69697 0.300399 0.699601 0.489442 0.0812156 0.0902395
0.707071 0.298266 0.701734 0.492431 0.0800663 0.0889625
0.717172 0.296179 0.703821 0.495365 0.0789496 0.0877218
0.727273 0.294136 0.705864 0.498245 0.0778642 0.0865157
0.737374 0.292135 0.707865 0.501073 0.0768087 0.085343
0.747475 0.290176 0.709824 0.50385 0.075782 0.0842022
0.757576 0.288257 0.711743 0.506578 0.0747828 0.0830921
0.767677 0.286376 0.713624 0.509259 0.0738103 0.0820114
0.777778 0.284533 0.715467 0.511893 0.0728632 0.0809591
0.787879 0.282726 0.717274 0.514482 0.0719407 0.0799341
0.79798 0.280954 0.719046 0.517027 0.0710418 0.0789353
0.808081 0.279216 0.720784 0.519529 0.0701657 0.0779618
0.818182 0.277512 0.722488 0.52199 0.0693114 0.0770127
0.828283 0.275839 0.724161 0.52441 0.0684783 0.076087
0.838384 0.274197 0.725803 0.52679 0.0676655 0.0751839
0.848485 0.272585 0.727415 0.529132 0.0668724 0.0743026
0.858586 0.271003 0.728997 0.531437 0.0660982 0.0734424
0.868687 0.269449 0.730551 0.533705 0.0653423 0.0726026
0.878788 0.267922 0.732078 0.535938 0.0646041 0.0717824
0.888889 0.266423 0.733577 0.538135 0.0638831 0.0709812
0.89899 0.26495 0.73505 0.540299 0.0631785 0.0701983
0.909091 0.263502 0.736498 0.542429 0.0624899 0.0694332
0.919192 0.262079 0.737921 0.544528 0.0618168 0.0686853
0.929293 0.26068 0.73932 0.546594 0.0611587 0.0679541
0.939394 0.259305 0.740695 0.548629 0.0605151 0.067239
0.949495 0.257952 0.742048 0.550635 0.0598855 0.0665394
0.959596 0.256622 0.743378 0.55261 0.0592695 0.065855
0.969697 0.255314 0.744686 0.554557 0.0586668 0.0651853
0.979798 0.254027 0.745973 0.556475 0.0580769 0.0645299
0.989899 0.252761 0.747239 0.558366 0.0574994 0.0638882
1 0.2 0.8 0.64 0.036 0.04
0 0.8 0.2 0.04 0.576 0.64
0.010101 0.8 0.2 0.04 0.576 0.64
0.020202 0.8 0.2 0.04 0.576 0.64
0.030303 0.8 0.2 0.04 0.576 0.64
0.040404 0.8 0.2 0.0400002 0.575999 0.639999
0.0505051 0.799998 0.200002 0.0400008 0.575997 0.639997
0.0606061 0.799992 0.200008 0.0400034 0.575988 0.639986
0.0707071 0.79997 0.20003 0.0400119 0.575957 0.639952
0.0808081 0.79991 0.20009 0.040036 0.57587 0.639856
0.0909091 0.799762 0.200238 0.0400952 0.575658 0.63962
0.10101 0.799441 0.200559 0.040224 0.575195 0.639105
0.111111 0.798814 0.201186 0.0404757 0.574294 0.638104
0.121212 0.797709 0.202291 0.0409215 0.572706 0.63634
0.131313 0.795927 0.204073 0.0416458 0.57015 0.6335
0.141414 0.793274 0.206726 0.0427355 0.566356 0.629284
0.151515 0.789599 0.210401 0.0442684 0.56112 0.623467
0.161616 0.784818 0.215182 0.0463031 0.554346 0.61594
0.171717 0.778928 0.221072 0.0488727 0.546056 0.606729
0.181818 0.771999 0.228001 0.0519842 0.536385 0.595983
0.191919 0.764159 0.235841 0.055621 0.525545 0.583939
0.20202 0.755566 0.244434 0.0597478 0.513793 0.570881
0.212121 0.746393 0.253607 0.0643166 0.501392 0.557102
0.222222 0.736803 0.263197 0.0692726 0.488591 0.542879
0.232323 0.726947 0.273053 0.0745582 0.475606 0.528451
0.242424 0.716951 0.283049 0.0801167 0.462617 0.514019
0.252525 0.706922 0.293078 0.0858949 0.449765 0.499738
0.262626 0.696942 0.303058 0.0918439 0.437156 0.485729
0.272727 0.687078 0.312922 0.0979204 0.424868 0.472076
0.282828 0.677376 0.322624 0.104087 0.412954 0.458838
0.292929 0.667871 0.332129 0.110309 0.401447 0.446052
0.30303 0.658589 0.341411 0.116561 0.390366 0.43374
0.313131 0.649545 0.350455 0.122819 0.379718 0.421909
0.323232 0.640748 0.359252 0.129062 0.369503 0.410559
0.333333 0.632203 0.367797 0.135275 0.359713 0.399681
0.343434 0.62391 0.37609 0.141444 0.350337 0.389264
0.353535 0.615867 0.384133 0.147558 0.341363 0.379292
0.363636 0.608069 0.391931 0.15361 0.332774 0.369748
0.373737 0.600512 0.399488 0.159591 0.324553 0.360615
0.383838 0.593188 0.406812 0.165496 0.316685 0.351872
0.393939 0.58609 0.41391 0.171322 0.309151 0.343501
0.40404 0.57921 0.42079 0.177064 0.301936 0.335484
0.414141 0.572541 0.427459 0.182721 0.295023 0.327803
0.424242 0.566074 0.433926 0.188292 0.288396 0.32044
0.434343 0.559801 0.440199 0.193775 0.28204 0.313378
0.444444 0.553716 0.446284 0.19917 0.275941 0.306601
0.454545 0.54781 0.45219 0.204476 0.270086 0.300095
0.464646 0.542075 0.457925 0.209695 0.264461 0.293846
0.474747 0.536506 0.463494 0.214827 0.259055 0.287839
0.484848 0.531095 0.468905 0.219872 0.253855 0.282061
0.494949 0.525835 0.474165 0.224833 0.248852 0.276502
0.505051 0.52072 0.47928 0.229709 0.244035 0.27115
0.515152 0.515745 0.484255 0.234503 0.239394 0.265993
0.525253 0.510904 0.489096 0.239215 0.234921 0.261023
0.535354 0.506191 0.493809 0.243847 0.230607 0.25623
0.545455 0.501602 0.498398 0.248401 0.226444 0.251604
0.555556 0.49713 0.50287 0.252878 0.222424 0.247138
0.565657 0.492772 0.507228 0.25728 0.218542 0.242824
0.575758 0.488523 0.511477 0.261608 0.21479 0.238655
0.585859 0.48438 0.51562 0.265864 0.211161 0.234624
0.59596 0.480337 0.519663 0.27005 0.207651 0.230723
0.606061 0.476391 0.523609 0.274167 0.204253 0.226948
0.616162 0.472538 0.527462 0.278216 0.200963 0.223292
0.626263 0.468776 0.531224 0.282199 0.197776 0.219751
0.636364 0.4651 0.5349 0.286118 0.194686 0.216318
0.646465 0.461508 0.538492 0.289974 0.19169 0.212989
0.656566 0.457996 0.542004 0.293769 0.188784 0.20976
0.666667 0.454562 0.545438 0.297503 0.185964 0.206626
0.676768 0.451202 0.548798 0.301179 0.183225 0.203584
0.686869 0.447915 0.552085 0.304797 0.180565 0.200628
0.69697 0.444698 0.555302 0.30836 0.177981 0.197757
0.707071 0.441549 0.558451 0.311868 0.175469 0.194965
0.717172 0.438464 0.561536 0.315322 0.173026 0.192251
0.727273 0.435443 0.564557 0.318725 0.170649 0.18961
0.737374 0.432482 0.567518 0.322076 0.168337 0.187041
0.747475 0.429581 0.570419 0.325378 0.166086 0.18454
0.757576 0.426737 0.573263 0.328631 0.163894 0.182104
0.767677 0.423948 0.576052 0.331836 0.161759 0.179732
0.777778 0.421213 0.578787 0.334995 0.159678 0.17742
0.787879 0.418529 0.581471 0.338108 0.15765 0.175167
0.79798 0.415896 0.584104 0.341177 0.155673 0.17297
0.808081 0.413312 0.586688 0.344203 0.153744 0.170827
0.818182 0.410775 0.589225 0.347186 0.151862 0.168736
0.828283 0.408284 0.591716 0.350128 0.150026 0.166696
0.838384 0.405838 0.594162 0.353029 0.148234 0.164704
0.848485 0.403435 0.596565 0.35589 0.146484 0.162759
0.858586 0.401074 0.598926 0.358713 0.144774 0.16086
0.868687 0.398754 0.601246 0.361497 0.143104 0.159004
0.878788 0.396473 0.603527 0.364245 0.141472 0.157191
0.888889 0.394231 0.605769 0.366956 0.139877 0.155418
0.89899 0.392027 0.607973 0.369631 0.138317 0.153685
0.909091 0.389859 0.610141 0.372271 0.136791 0.15199
0.919192 0.387727 0.612273 0.374878 0.135299 0.150333
0.929293 0.38563 0.61437 0.377451 0.133839 0.14871
0.939394 0.383566 0.616434 0.379991 0.132411 0.147123
0.949495 0.381535 0.618465 0.382499 0.131012 0.145569
0.959596 0.379536 0.620464 0.384976 0.129643 0.144048
0.969697 0.377568 0.622432 0.387421 0.128302 0.142558
0.979798 0.375631 0.624369 0.389837 0.126988 0.141098
0.989899 0.373723 0.626277 0.392223 0.125702 0.139669
1 0.2 0.8 0.64 0.036 0.04
0 0.8 0.2 0.04 0.576 0.64
0.010101 0.8 0.2 0.04 0.576 0.64
0.020202 0.8 0.2 0.04 0.576 0.64
0.030303 0.8 0.2 0.04 0.576 0.64
0.040404 0.8 0.2 0.04 0.576 0.64
0.0505051 0.8 0.2 0.04 0.576 0.64
0.0606061 0.8 0.2 0.04 0.576 0.64
0.0707071 0.8 0.2 0.04 0.576 0.64
0.0808081 0.8 0.2 0.04 0.576 0.64
0.0909091 0.8 0.2 0.04 0.576 0.64
0.10101 0.8 0.2 0.04 0.576 0.64
0.111111 0.8 0.2 0.04 0.576 0.64
0.121212 0.8 0.2 0.04 0.576 0.64
0.131313 0.8 0.2 0.04 0.576 0.64
0.141414 0.8 0.2 0.04 0.576 0.64
0.151515 0.8 0.2 0.04 0.576 0.64
0.161616 0.8 0.2 0.04 0.576 0.64
0.171717 0.8 0.2 0.0400001 0.576 0.64
0.181818 0.799999 0.200001 0.0400002 0.575999 0.639999
0.191919 0.799998 0.200002 0.0400006 0.575998 0.639998
0.20202 0.799997 0.200003 0.0400014 0.575995 0.639994
0.212121 0.799992 0.200008 0.0400031 0.575989 0.639988
0.222222 0.799984 0.200016 0.0400065 0.575977 0.639974
0.232323 0.799967 0.200033 0.0400131 0.575953 0.639948
0.242424 0.799937 0.200063 0.0400252 0.575909 0.639899
0.252525 0.799884 0.200116 0.0400465 0.575833 0.639814
0.262626 0.799794 0.200206 0.0400823 0.575704 0.639671
0.272727 0.79965 0.20035 0.0401402 0.575496 0.63944
0.282828 0.799426 0.200574 0.0402301 0.575173 0.639081
0.292929 0.79909 0.20091 0.0403647 0.574691 0.638545
0.30303 0.798608 0.201392 0.0405589 0.573997 0.637774
0.313131 0.797936 0.202064 0.0408297 0.573032 0.636702
0.323232 0.797034 0.202966 0.0411952 0.571737 0.635263
0.333333 0.795859 0.204141 0.0416737 0.570052 0.633391
0.343434 0.794373 0.205627 0.0422824 0.567926 0.631029
0.353535 0.792547 0.207453 0.0430366 0.565318 0.628131
0.363636 0.79036 0.20964 0.0439488 0.562203 0.62467
0.373737 0.787802 0.212198 0.0450278 0.558569 0.620633
0.383838 0.784874 0.215126 0.0462791 0.554425 0.616028
0.393939 0.781587 0.218413 0.0477041 0.549791 0.610879
0.40404 0.777961 0.222039 0.0493012 0.544701 0.605224
0.414141 0.774023 0.225977 0.0510655 0.539201 0.599112
0.424242 0.769804 0.230196 0.0529901 0.533339 0.592599
0.434343 0.765338 0.234662 0.055066 0.527169 0.585743
0.444444 0.760661 0.239339 0.0572831 0.520745 0.578605
0.454545 0.755806 0.244194 0.0596305 0.514119 0.571243
0.464646 0.750808 0.249192 0.0620967 0.507341 0.563713
0.474747 0.745696 0.254304 0.0646704 0.500456 0.556063
0.484848 0.740499 0.259501 0.0673406 0.493505 0.548339
0.494949 0.735243 0.264757 0.0700963 0.486524 0.540582
0.505051 0.729949 0.270051 0.0729275 0.479543 0.532826
0.515152 0.724637 0.275363 0.0758245 0.472589 0.525099
0.525253 0.719325 0.280675 0.0787785 0.465686 0.517428
0.535354 0.714026 0.285974 0.0817811 0.45885 0.509833
0.545455 0.708753 0.291247 0.0848248 0.452098 0.502331
0.555556 0.703516 0.296484 0.0879027 0.445441 0.494935
0.565657 0.698324 0.301676 0.0910085 0.43889 0.487656
0.575758 0.693183 0.306817 0.0941366 0.432453 0.480503
0.585859 0.6881 0.3119 0.0972817 0.426133 0.473481
0.59596 0.683079 0.316921 0.100439 0.419937 0.466596
0.606061 0.678123 0.321877 0.103605 0.413865 0.45985
0.616162 0.673235 0.326765 0.106775 0.407921 0.453246
0.626263 0.668418 0.331582 0.109947 0.402104 0.446783
0.636364 0.663673 0.336327 0.113116 0.396415 0.440461
0.646465 0.659 0.341 0.116281 0.390853 0.434281
0.656566 0.6544 0.3456 0.119439 0.385416 0.42824
0.666667 0.649874 0.350126 0.122588 0.380103 0.422336
0.676768 0.645421 0.354579 0.125726 0.374912 0.416569
0.686869 0.641041 0.358959 0.128851 0.369841 0.410934
0.69697 0.636734 0.363266 0.131962 0.364887 0.40543
0.707071 0.632497 0.367503 0.135058 0.360048 0.400053
0.717172 0.628332 0.371668 0.138137 0.355321 0.394801
0.727273 0.624236 0.375764 0.141199 0.350704 0.389671
0.737374 0.620209 0.379791 0.144241 0.346193 0.384659
0.747475 0.616249 0.383751 0.147265 0.341786 0.379763
0.757576 0.612355 0.387645 0.150269 0.337481 0.374979
0.767677 0.608526 0.391474 0.153252 0.333274 0.370304
0.777778 0.604761 0.395239 0.156213 0.329163 0.365736
0.787879 0.601059 0.398941 0.159154 0.325145 0.361272
0.79798 0.597418 0.402582 0.162073 0.321217 0.356908
0.808081 0.593836 0.406164 0.164969 0.317377 0.352641
0.818182 0.590313 0.409687 0.167843 0.313623 0.34847
0.828283 0.586848 0.413152 0.170695 0.309951 0.34439
0.838384 0.583438 0.416562 0.173524 0.30636 0.3404
0.848485 0.580084 0.419916 0.17633 0.302847 0.336497
0.858586 0.576783 0.423217 0.179113 0.299411 0.332678
0.868687 0.573534 0.426466 0.181873 0.296047 0.328941
0.878788 0.570337 0.429663 0.18461 0.292756 0.325284
0.888889 0.567189 0.432811 0.187325 0.289533 0.321704
0.89899 0.564091 0.435909 0.190017 0.286379 0.318199
0.909091 0.56104 0.43896 0.192686 0.28329 0.314766
0.919192 0.558036 0.441964 0.195332 0.280264 0.311405
0.929293 0.555078 0.444922 0.197955 0.277301 0.308112
0.939394 0.552165 0.447835 0.200557 0.274397 0.304886
0.949495 0.549295 0.450705 0.203135 0.271552 0.301725
0.959596 0.546467 0.453533 0.205692 0.268764 0.298626
0.969697 0.543682 0.456318 0.208227 0.266031 0.29559
0.979798 0.540937 0.459063 0.210739 0.263351 0.292612
0.989899 0.538231 0.461769 0.21323 0.260724 0.289693
1 0.2 0.8 0.64 0.036 0.04
